W1=[[[[ -4.26842012e-02  -3.38886380e-02   3.15268673e-02 ...,
      1.84875652e-02  -1.82453115e-02  -1.29105635e-02]
   [ -4.63317446e-02   2.67829150e-02   7.42266104e-02 ...,
     -3.58975604e-02  -4.64652479e-02   8.78772512e-03]
   [ -2.04522461e-02   7.21561611e-02   4.85673882e-02 ...,
     -5.93855716e-02  -2.15590987e-02   2.72869337e-02]
   ..., 
   [  4.21866998e-02  -3.37030296e-03  -7.26364180e-02 ...,
      2.19890960e-02   5.73082976e-02   3.33886797e-04]
   [  1.80483963e-02  -4.22200933e-02  -6.03646860e-02 ...,
      6.10885322e-02   2.94582453e-02  -2.10105684e-02]
   [ -1.78552251e-02  -3.87926511e-02  -7.94247910e-03 ...,
      3.55765894e-02  -2.17038952e-02  -2.04136092e-02]]

  [[ -2.38082241e-02  -2.54111942e-02   3.20883542e-02 ...,
      1.26310345e-02  -2.50237677e-02  -1.61467176e-02]
   [ -3.12243942e-02   2.38264315e-02   5.82675338e-02 ...,
     -3.49424295e-02  -4.47923057e-02   9.08606499e-03]
   [ -1.11169852e-02   6.07510507e-02   3.11245993e-02 ...,
     -5.37103266e-02  -1.41952671e-02   3.05013191e-02]
   ..., 
   [  3.99216823e-02  -6.36665476e-03  -7.03703910e-02 ...,
      2.93888394e-02   6.22551031e-02  -2.84555997e-03]
   [  2.00729873e-02  -3.85674834e-02  -5.78080714e-02 ...,
      6.52505681e-02   2.70758476e-02  -2.80158892e-02]
   [ -1.19557977e-02  -3.06406748e-02  -3.41490703e-03 ...,
      4.13915180e-02  -1.78451091e-02  -2.48306822e-02]]

  [[ -9.59842838e-03  -9.19580273e-03   3.54622826e-02 ...,
      1.12892024e-03  -2.87861954e-02  -1.71941910e-02]
   [ -1.85706001e-02   2.85877548e-02   5.37114516e-02 ...,
     -4.39528003e-02  -4.23025340e-02   1.00144548e-02]
   [ -1.10551622e-03   5.90746030e-02   2.53582709e-02 ...,
     -5.45726493e-02  -9.51074064e-03   3.08024660e-02]
   ..., 
   [  4.22263071e-02  -1.23845146e-03  -6.88565224e-02 ...,
      2.88144220e-02   5.80992363e-02  -1.96374464e-03]
   [  1.94899440e-02  -3.34147923e-02  -5.59845045e-02 ...,
      5.17136380e-02   2.27178987e-02  -2.56437529e-02]
   [ -1.15586976e-02  -2.49821786e-02  -6.18897146e-04 ...,
      3.32398489e-02  -1.40532088e-02  -2.07787417e-02]]]


 [[[  9.17379837e-03   1.39458179e-02   2.39203107e-02 ...,
      2.06879675e-02   5.12327487e-03   5.13276667e-04]
   [  4.15941253e-02   4.93820384e-02   6.50508106e-02 ...,
      5.19213416e-02   3.40782776e-02   2.73925662e-02]
   [  1.16528738e-02   1.64238717e-02   2.37996653e-02 ...,
      2.20762473e-02   1.45276804e-02   9.73521266e-03]
   ..., 
   [ -2.65616016e-03  -5.34583116e-03  -1.32207503e-03 ...,
     -1.95003732e-03  -5.87058312e-04  -3.31636169e-03]
   [ -2.99322587e-02  -2.93550882e-02  -3.27101909e-02 ...,
     -3.12672779e-02  -2.62529328e-02  -2.19573732e-02]
   [ -3.09208669e-02  -3.53097469e-02  -4.83031906e-02 ...,
     -4.48757112e-02  -3.74254249e-02  -2.70920489e-02]]

  [[ -1.06231691e-02  -9.62694176e-03   2.93209148e-03 ...,
      7.12513039e-03  -1.22854598e-02  -1.44771915e-02]
   [  7.06859818e-03   7.88417272e-03   2.38988772e-02 ...,
      2.11187080e-02   3.56379151e-03  -4.02681908e-04]
   [ -2.38889158e-02  -2.67430842e-02  -2.08044332e-02 ...,
     -1.43039515e-02  -2.27715448e-02  -1.69230588e-02]
   ..., 
   [ -1.61081087e-03  -4.58461279e-03  -6.91952475e-04 ...,
     -1.69445516e-03   1.20666402e-03   4.23470326e-03]
   [ -9.61026922e-03  -9.47118551e-03  -1.33325793e-02 ...,
     -8.45743343e-03  -1.16724279e-02  -1.24370493e-03]
   [  5.56820087e-05  -2.22292752e-03  -1.17272362e-02 ...,
     -1.06072417e-02  -9.84759443e-03  -7.02501799e-04]]

  [[ -1.34860340e-03  -5.91338007e-03  -1.30492134e-03 ...,
     -2.78828526e-03  -1.02589475e-02  -9.57603380e-03]
   [  5.52754709e-03  -2.42550205e-03   4.36052773e-03 ...,
      7.20640039e-03   6.67054323e-04   7.35660549e-04]
   [ -7.76815042e-03  -1.21494448e-02  -1.75537653e-02 ...,
     -1.44519294e-02  -1.24908704e-02  -1.08311642e-02]
   ..., 
   [  1.51044857e-02   1.91614665e-02   1.81833487e-02 ...,
      1.35982111e-02   1.80727094e-02   1.50080109e-02]
   [  1.11371968e-02   1.97398439e-02   9.72520001e-03 ...,
      9.59848706e-03   1.04382988e-02   9.41677392e-03]
   [  1.86485257e-02   1.90985668e-02   1.00588547e-02 ...,
      1.25693744e-02   1.06191384e-02   1.22398268e-02]]]


 [[[  2.44015753e-02   2.85517201e-02   1.58878025e-02 ...,
      3.08538741e-03   4.63914213e-04  -1.17812562e-03]
   [  3.37940119e-02   3.25287543e-02   7.78550282e-03 ...,
     -9.49931424e-03  -1.83107122e-03   3.71305447e-04]
   [  2.86000799e-02   1.80026907e-02  -7.57477898e-03 ...,
     -2.17155945e-02  -5.67604322e-03   5.86209819e-03]
   ..., 
   [  9.48802289e-03  -2.87613459e-03  -2.65302304e-02 ...,
     -2.06666309e-02  -4.54761175e-04   1.66954342e-02]
   [  1.75122712e-02   6.08445331e-03  -1.19146556e-02 ...,
     -9.33213439e-03   7.22869672e-03   2.51642354e-02]
   [  1.77309811e-02   1.21744359e-02  -3.59387090e-03 ...,
      3.68992891e-03   2.03424059e-02   3.08434069e-02]]

  [[ -1.16300955e-02  -1.00118527e-02  -4.16032691e-03 ...,
      3.79225146e-03   2.89738877e-03   3.72660998e-03]
   [ -1.26324287e-02  -1.01760672e-02  -7.32231070e-04 ...,
      7.28434883e-03   4.56923014e-03   6.65125251e-03]
   [ -7.87880737e-03  -8.03944003e-03  -4.28710412e-03 ...,
      6.06871862e-03   5.96935954e-03   9.74646863e-03]
   ..., 
   [ -9.19851102e-03  -1.11202151e-02  -6.10621460e-03 ...,
      3.50713753e-03   6.62985537e-03   4.85016033e-03]
   [ -8.75448529e-03  -9.34362225e-03  -8.03831872e-03 ...,
      2.03041546e-03   5.71720628e-03   3.65936174e-03]
   [ -8.07371922e-03  -6.55530579e-03  -1.23345777e-02 ...,
      5.21884626e-03   6.37016864e-03   6.91545941e-03]]

  [[ -1.96376462e-02  -1.99124534e-02  -1.12347919e-02 ...,
     -7.21405679e-03  -9.82382521e-03  -1.13291945e-02]
   [ -2.43576895e-02  -2.23190039e-02  -7.00539956e-03 ...,
     -2.34415825e-03  -1.00190910e-02  -1.40561555e-02]
   [ -1.11060468e-02  -5.96155319e-03   9.62192938e-03 ...,
      8.99993069e-03  -1.24915526e-03  -1.05401194e-02]
   ..., 
   [ -2.61219428e-03   1.09586176e-02   2.48020887e-02 ...,
      1.27116647e-02  -2.83239875e-03  -1.95919257e-02]
   [ -6.34261966e-03   6.10589143e-03   1.92579683e-02 ...,
      5.80942165e-03  -7.29506277e-03  -2.32770927e-02]
   [ -1.48883630e-02  -4.47994983e-03   6.18279632e-03 ...,
      8.56011349e-04  -1.50881121e-02  -2.32855249e-02]]]


 ..., 
 [[[ -2.69273017e-03  -5.92499459e-03   7.12067308e-03 ...,
      1.35182799e-03  -3.34348809e-03  -4.77767177e-03]
   [  1.93250002e-04  -8.98258854e-03   8.44672415e-03 ...,
      5.73768839e-03   5.90862939e-04  -1.02293706e-02]
   [ -6.58713235e-03  -1.76067594e-02   5.93404379e-03 ...,
      5.88049646e-03   1.92137528e-03  -1.76946539e-02]
   ..., 
   [ -9.14381072e-03  -1.71284508e-02   6.78769313e-03 ...,
      9.04875435e-03   7.55247008e-03  -6.16432214e-03]
   [ -3.94610595e-03  -1.40800541e-02   2.92653940e-03 ...,
      3.47034121e-03   3.27750109e-03  -4.39794315e-03]
   [ -6.52904110e-03  -1.12382723e-02   6.53347047e-03 ...,
      2.20209500e-03   3.75149958e-03   1.92659674e-03]]

  [[  9.92540084e-03   1.00842165e-02   1.80895869e-02 ...,
      1.48602473e-02   9.92610212e-03   6.24795118e-03]
   [  3.54476646e-03  -1.14619068e-03   1.47448136e-02 ...,
      1.75337791e-02   1.26149142e-02   4.01725905e-04]
   [ -3.80539801e-03  -8.62284470e-03   7.53453607e-03 ...,
      1.19074639e-02   1.16588930e-02  -9.15004034e-03]
   ..., 
   [ -6.07473822e-03  -1.36071034e-02   2.61549675e-03 ...,
      1.18667940e-02   1.19972629e-02   1.89390196e-03]
   [ -9.67006054e-05  -1.49096195e-02   1.32637622e-04 ...,
      4.58835345e-03   1.05777262e-02   2.68861721e-03]
   [ -3.24000046e-03  -5.83104044e-03   3.31823621e-03 ...,
     -6.17763086e-04   4.13539307e-03   5.11079887e-03]]

  [[ -3.27810599e-03  -4.11450583e-03   7.83610716e-03 ...,
     -2.62856483e-03  -4.82874457e-03  -4.46777046e-03]
   [ -7.70033151e-03  -1.15076825e-02   3.48904729e-03 ...,
      6.67467434e-03   4.75640083e-03  -3.69496574e-03]
   [ -1.32846851e-02  -2.17982847e-02   8.16525193e-04 ...,
      6.98779104e-03   3.68714659e-03  -9.78795905e-03]
   ..., 
   [ -1.60845742e-02  -3.01374532e-02  -2.90443166e-03 ...,
      7.63674686e-03   6.04312820e-03  -2.92049232e-03]
   [ -9.44331568e-03  -2.27278322e-02  -8.52922723e-03 ...,
     -5.87077206e-03   1.04430993e-03  -8.60897172e-03]
   [ -7.19144475e-03  -1.62018854e-02  -1.60379813e-03 ...,
     -9.04863048e-03  -5.61976293e-03  -3.71985184e-03]]]


 [[[  8.45133513e-03   7.45393569e-03   2.38715322e-03 ...,
     -8.61262809e-03  -4.71012853e-03   2.76767276e-03]
   [  1.86864454e-02   1.33363744e-02   3.98093229e-03 ...,
     -1.44362515e-02  -5.20030083e-03   7.03500351e-03]
   [  1.78223364e-02   8.67984444e-03  -3.04632355e-03 ...,
     -1.67452414e-02  -2.74949381e-03   1.02303773e-02]
   ..., 
   [  8.48800875e-03   4.60653740e-04  -8.85364041e-03 ...,
     -8.57660361e-03   8.14231113e-03   1.89137459e-02]
   [  4.95860772e-03   2.93423259e-03  -1.58118492e-03 ...,
     -1.56158418e-03   1.83251295e-02   2.16991082e-02]
   [  4.08226810e-03  -5.63500100e-04   2.62150611e-03 ...,
      1.19860973e-02   2.46455707e-02   2.76058633e-02]]

  [[ -5.99938584e-03  -5.09874243e-03  -5.96937584e-03 ...,
     -2.40935292e-03  -2.17863405e-03   4.25256992e-04]
   [ -1.20484820e-02  -1.23196263e-02  -1.05457408e-02 ...,
     -5.35054365e-03  -1.05108332e-03   2.70396098e-03]
   [ -1.18013378e-02  -1.52091281e-02  -1.24236895e-02 ...,
     -3.55165824e-03  -9.89826629e-04  -1.06792606e-03]
   ..., 
   [ -1.03945388e-02  -1.56565588e-02  -1.31764663e-02 ...,
     -8.89684819e-03  -8.33177753e-03  -7.99409952e-03]
   [ -8.97426996e-03  -1.31883938e-02  -1.22033218e-02 ...,
     -1.01458346e-02  -7.49437092e-03  -4.16095974e-03]
   [ -4.14952170e-03  -1.07318303e-02  -9.54199210e-03 ...,
     -4.39355336e-03  -4.38295351e-03   3.90048139e-03]]

  [[ -1.70645735e-03  -1.41978683e-03  -1.80617510e-03 ...,
      3.59464274e-03  -2.82650487e-03  -1.17232408e-02]
   [ -1.11172562e-02  -3.69108655e-03   1.36328617e-03 ...,
      1.38186142e-02   2.91933632e-03  -7.00780982e-03]
   [ -8.77213571e-03  -1.07496430e-03   8.54844879e-03 ...,
      1.92330461e-02   6.45020558e-03  -7.82315247e-03]
   ..., 
   [  6.63919421e-03   1.04212863e-02   1.51361162e-02 ...,
      1.48654664e-02  -2.10765703e-03  -1.31483246e-02]
   [  5.84007520e-03   9.49234888e-03   1.24261593e-02 ...,
      4.40325215e-03  -1.22808134e-02  -2.15488654e-02]
   [  1.16808503e-03  -1.44042235e-04   3.04631237e-03 ...,
     -7.89685547e-03  -2.35810243e-02  -2.29610354e-02]]]


 [[[  1.81806702e-02   1.29535757e-02  -3.96927027e-03 ...,
     -4.20490513e-03  -1.28698759e-02  -1.22933183e-02]
   [  6.55344920e-03   8.58588703e-03  -6.88717514e-03 ...,
     -1.98053243e-03  -1.50364032e-02  -2.02141795e-02]
   [  1.10603478e-02   1.54830664e-02  -3.18748597e-03 ...,
     -4.33167210e-04  -2.17194837e-02  -2.31309980e-02]
   ..., 
   [  5.29997796e-03   1.61593761e-02   2.27791350e-03 ...,
      4.99120122e-03  -1.02425897e-02  -2.15992052e-02]
   [  5.66068338e-03   1.11961402e-02   2.71658041e-03 ...,
      7.19425734e-03  -2.61694915e-03  -4.93596215e-03]
   [  3.53898900e-03   5.07361908e-03   8.77508777e-04 ...,
      8.05353094e-03   2.75893486e-04  -2.82782316e-03]]

  [[  1.78650767e-02   1.20330034e-02  -4.10377700e-03 ...,
      2.39410205e-03  -4.36560530e-03  -8.21696408e-03]
   [  1.05454754e-02   1.47621073e-02  -2.25248002e-03 ...,
      2.93786568e-03  -5.39329788e-03  -1.53412670e-02]
   [  1.30201960e-02   1.64514668e-02  -5.20988414e-03 ...,
     -5.47585776e-04  -1.69531051e-02  -2.26644762e-02]
   ..., 
   [  1.55661860e-02   2.00468637e-02  -1.27639226e-03 ...,
      2.33769673e-03  -1.08957365e-02  -1.87355056e-02]
   [  1.71939731e-02   2.00039688e-02   4.27502766e-03 ...,
      6.73027756e-03  -1.47875352e-03  -5.90487896e-03]
   [  1.70065481e-02   1.91716272e-02   3.94684542e-03 ...,
      9.81077272e-03   2.12698476e-03  -3.33271921e-04]]

  [[  3.62570118e-03   1.23538012e-02  -3.08252103e-03 ...,
     -1.00248717e-02  -1.84758343e-02  -1.28891915e-02]
   [  3.00952047e-03   1.80169176e-02   2.64621107e-03 ...,
     -4.16215183e-03  -1.98904332e-02  -2.30120271e-02]
   [  1.38462912e-02   3.33580971e-02   7.66355637e-03 ...,
     -4.33573080e-03  -2.52972320e-02  -2.84584127e-02]
   ..., 
   [  4.10397537e-03   2.51749437e-02   5.72482217e-03 ...,
      3.30716372e-03  -2.14602314e-02  -2.81039383e-02]
   [ -9.91765969e-03   1.35813328e-02   1.39043550e-03 ...,
      4.24215524e-03  -1.46567672e-02  -1.67504642e-02]
   [ -1.80246197e-02   2.22492660e-03  -6.40321989e-03 ...,
      1.21192727e-03  -9.80715826e-03  -1.26683563e-02]]]]
W3=[[ -1.56339510e-07  -1.00964215e-07  -4.37337064e-07   6.62549496e-07
    1.24620919e-06  -3.36816782e-07   3.23791539e-07   4.45799003e-07
   -1.87869617e-07  -6.13715883e-07]
 [ -3.55125144e-02  -5.23332693e-02  -2.93188379e-03  -2.76769064e-02
   -3.34809907e-02  -2.21338794e-02  -2.76970826e-02  -4.32499610e-02
   -5.32572530e-02  -4.75431383e-02]
 [ -4.53930198e-07   4.49305190e-07   1.80550416e-07  -8.83380949e-07
   -3.36086174e-07  -2.60153087e-07  -4.09586931e-07  -1.75618581e-07
    5.78427205e-07  -3.52314430e-07]
 [  8.12505547e-08  -1.90985452e-06  -2.38233255e-08  -3.27029497e-08
   -1.09090104e-06  -4.11017339e-07  -2.47783009e-06  -3.22301190e-07
    4.88938440e-07   5.94362390e-08]
 [ -3.11973523e-08   2.13209532e-07  -5.92211563e-07  -4.55231032e-07
   -3.83956191e-08  -1.28365025e-06   5.79867560e-07  -4.00542007e-07
   -4.59505713e-07   4.36576045e-07]
 [ -3.85197327e-02  -5.48112392e-02  -4.31219563e-02  -5.37537150e-02
   -8.60683843e-02  -6.77304119e-02  -5.13070635e-02  -9.48079526e-02
    1.41319893e-02  -4.67943437e-02]
 [  4.80014037e-08   2.00978661e-07  -2.88500104e-07  -1.82846890e-07
   -9.87140083e-07  -4.70651344e-07   1.46267112e-07  -1.36412638e-07
    4.61880120e-07   1.88629954e-07]
 [ -8.38267169e-07  -8.00605733e-07  -1.28633118e-07   1.07735821e-06
   -4.08428171e-08  -2.61492517e-07   8.70248584e-08   3.67331779e-07
    2.49075214e-07  -2.90122362e-08]
 [  8.40508108e-08   1.27091212e-07   7.67046856e-07   9.65895595e-08
   -6.39344250e-07  -1.57769034e-06   1.07419930e-06  -1.02892443e-06
   -7.08970845e-07  -9.49079038e-07]
 [ -1.26171326e-02  -2.13421490e-02  -2.88893562e-02  -2.51586922e-02
   -2.82444432e-02  -3.12263574e-02  -3.77372392e-02  -2.24834196e-02
   -2.59039626e-02   4.28004190e-03]
 [ -1.28275713e-06  -8.02474574e-07   7.16989973e-07  -6.69102747e-07
   -1.99941752e-08  -5.65613675e-07   2.01322041e-06  -6.67668871e-08
   -1.65336837e-06   2.37586235e-08]
 [ -7.14338285e-07   1.03923287e-06  -5.10003133e-07   7.29126555e-07
   -1.79735684e-06   1.92301650e-06   5.79244329e-07   3.68766706e-07
   -1.52509188e-06   3.34108961e-07]
 [ -4.25771810e-02  -3.67940553e-02  -2.37523485e-02  -1.90844610e-02
   -1.13221845e-02  -2.48336717e-02  -1.19660946e-03  -4.09131050e-02
   -4.93655913e-02  -6.06049895e-02]
 [  1.74967560e-08   3.87061988e-07   3.11216581e-07   2.68482410e-07
   -7.42500788e-07  -1.07910644e-07  -5.58850616e-07  -3.72113448e-07
   -2.13052942e-07  -8.74498312e-07]
 [ -7.38106110e-07  -2.17051507e-07   3.09853959e-07   3.85169329e-07
   -5.93389977e-08  -3.78833505e-07   5.13587452e-07  -1.93463265e-07
    9.00177099e-07   2.32800190e-07]
 [ -1.81391442e-07  -8.95555345e-08  -1.08557131e-07   2.18607553e-07
   -3.93707467e-07  -3.04346145e-07   2.33413843e-07   2.51406256e-08
    3.26876801e-07   2.35565665e-07]
 [  5.30760417e-07  -2.35568194e-07  -5.47383223e-08   2.87966088e-07
    1.78843607e-07   1.21423014e-08  -3.46423576e-07   5.19934495e-08
   -3.35314269e-07   8.97934171e-08]
 [ -2.42557880e-02  -3.24345119e-02  -2.77107116e-02  -3.51675041e-03
   -2.87571456e-02  -1.23617370e-02  -2.98238043e-02  -2.74471771e-02
   -3.55667472e-02  -3.38353105e-02]
 [ -1.84712428e-06   7.11191433e-07   2.20679595e-07   1.16787874e-06
    3.85621703e-08  -2.69237290e-07  -3.36261735e-07  -2.49825575e-07
   -1.40141481e-06   5.84859833e-07]
 [ -9.42807844e-07  -1.23368147e-06   1.66006305e-06  -8.55397388e-07
    1.64942071e-06   4.63826595e-08   1.45303932e-06  -2.91897379e-07
   -9.82167080e-07  -7.75506010e-07]
 [ -2.29513850e-02  -3.38349156e-02  -1.61214285e-02  -1.68799572e-02
   -2.22491063e-02  -5.91152161e-03  -2.72421390e-02   4.67437319e-03
   -4.50107716e-02  -3.31283025e-02]
 [ -5.29003557e-07  -1.16399895e-06   1.70544283e-07  -7.33571369e-07
   -5.84470740e-07   1.72272649e-08  -1.14403440e-06   2.70010844e-07
    5.35441075e-07   7.16169154e-07]
 [  9.20555294e-07   4.84202872e-07  -1.62113523e-07  -1.68071210e-06
   -1.11200734e-06  -1.27187968e-06  -1.13899816e-07  -4.66470567e-07
    5.85682685e-08   5.54620328e-07]
 [ -3.01819045e-06   1.81390510e-06  -8.53457493e-07  -6.26150097e-07
   -4.85939324e-07  -2.29202260e-06   7.38403514e-07   1.14034310e-06
   -4.01715511e-07   3.05353183e-06]
 [  7.35967433e-07  -1.02874378e-06   3.83588912e-07  -7.87044829e-09
   -1.71887979e-08  -2.59814726e-07  -5.85108239e-07  -8.19843876e-07
   -2.87599704e-07   3.15220461e-07]
 [  5.51786798e-07   1.86352587e-08   1.46604648e-07  -8.59644558e-07
   -7.48788466e-07   4.12333776e-07  -3.02896410e-07   4.50645672e-07
    1.18632204e-06   4.69553108e-08]
 [ -3.09836673e-06  -5.56882526e-07   2.82047296e-07   7.41457654e-07
    3.44253976e-07  -2.44757160e-07  -9.73478791e-07  -1.25266865e-06
   -3.06142255e-07   8.01557178e-07]
 [ -3.84487322e-07   8.78309891e-07  -2.45630872e-07  -3.24537126e-07
   -4.33904034e-07   3.61275937e-07  -9.97114057e-07  -6.92660478e-07
    1.48176539e-07   7.00857015e-07]
 [  1.63207292e-09   8.70171348e-08  -4.42920509e-07   2.62087980e-07
   -8.13896008e-07  -4.02012745e-07   4.15436602e-07   9.08956963e-07
    7.54250948e-07  -9.55297764e-07]
 [ -2.79005300e-02  -4.27769572e-02  -3.57977413e-02  -2.68363021e-02
   -4.35482562e-02  -4.59349193e-02  -3.55977677e-02  -2.14261226e-02
    1.80879352e-03  -3.81840654e-02]
 [ -4.97278869e-02  -5.01084588e-02  -1.79366693e-02  -2.00325008e-02
   -1.53784892e-02  -1.97222568e-02   9.01772641e-03  -2.08623298e-02
   -5.71582653e-02  -3.48963626e-02]
 [  1.00995987e-06  -5.78474101e-07  -1.24878989e-06  -3.47622574e-07
   -2.33273204e-06  -4.22772729e-07   1.78870707e-07  -4.61868780e-07
    4.90511241e-07   1.47625897e-07]
 [ -4.85843611e-06   9.19618344e-07   3.35818896e-07   5.19464777e-07
   -6.69598762e-07   7.17830630e-07   1.14116710e-06   6.33907234e-07
   -1.56298006e-06  -1.70380702e-06]
 [ -1.89301966e-06   1.60097215e-06  -3.69879217e-07   3.46134811e-07
   -2.40489584e-07  -1.11538043e-06  -6.88402963e-07  -1.10458768e-06
   -4.93919401e-07  -1.04931280e-06]
 [ -1.65814197e-06  -9.11738937e-07   9.67400950e-08   1.85399131e-06
   -5.22194978e-06   2.41971838e-06  -3.34238234e-06  -2.22307085e-06
   -1.49862478e-06  -8.73268618e-06]
 [  4.29491394e-07  -2.19435492e-07   2.54930228e-07   1.61010951e-06
   -2.69643783e-06  -1.50328015e-06  -2.14726413e-07   2.89766746e-07
   -5.33723608e-07   3.54852752e-08]
 [  5.82684891e-07  -1.98353007e-07  -2.34480154e-07  -5.09270876e-07
   -1.25846054e-06   9.79554073e-08  -2.93327531e-08   9.66405992e-07
    1.27466342e-06  -9.24005747e-07]
 [ -8.99987924e-07  -3.83657351e-07   7.04913390e-08  -1.58812785e-08
    2.21383317e-07  -8.64408435e-07  -1.00452394e-06   1.38047668e-07
    2.91691293e-07  -3.91882025e-07]
 [ -2.92570519e-07  -4.93623816e-07  -2.51142865e-07  -8.99814665e-07
   -2.81697595e-07  -5.19823345e-07   3.73017798e-07  -4.32804683e-07
   -2.53998593e-07  -2.51398177e-07]
 [  2.95441804e-08  -5.74503019e-07   9.19500032e-09   3.30471636e-07
   -1.30258329e-08  -2.13093301e-07  -2.37966908e-08   3.41536179e-07
    1.31923414e-07   5.64595382e-07]
 [ -3.26931961e-02   2.62985984e-03  -3.65652815e-02  -3.38430740e-02
   -4.64171469e-02  -3.14372145e-02  -3.34916189e-02  -5.20003736e-02
   -2.02218611e-02  -1.94520480e-03]
 [ -1.42096451e-06  -3.60184657e-07  -1.95250394e-07   1.90555534e-06
   -5.54240046e-07   4.05293889e-07   8.34437060e-07   2.47085200e-06
   -1.08497852e-06  -1.35609127e-06]
 [ -4.84621796e-06   4.37796444e-07   8.28975377e-09   5.51272421e-07
    5.74128137e-07   7.16763623e-07  -6.76981870e-07   3.70722297e-08
   -4.51967196e-07   4.36603671e-07]
 [  5.12251432e-08  -7.10510221e-07  -1.06180238e-07   1.81693522e-07
    1.96553689e-08   7.36805532e-08  -4.44093928e-07   2.10108723e-07
   -5.46541628e-07  -2.06148184e-06]
 [  1.53105745e-07  -9.45202544e-07  -1.73143704e-08  -4.66761378e-07
   -7.16573652e-07  -4.57181699e-07   1.79063065e-07   9.06109506e-07
   -7.35302592e-07  -3.97395155e-07]
 [ -4.44368794e-07  -1.72026648e-06  -5.43189287e-07  -1.56598730e-07
   -2.06921572e-06  -4.45115973e-07   3.65190459e-07   7.73246768e-07
   -1.63429161e-06   5.80500057e-07]
 [ -2.13536825e-02  -2.90748458e-02  -2.35121865e-02  -1.81289483e-02
    1.33059896e-03  -2.22270209e-02  -3.30414884e-02  -1.54130058e-02
   -3.01479008e-02  -2.89997719e-02]
 [ -3.12936777e-06  -9.88040597e-07   1.72497266e-06   1.44777857e-06
   -2.43442241e-06  -9.48313925e-07  -2.55708210e-06  -2.77539084e-06
   -2.31010608e-06  -2.44330010e-07]
 [ -2.06853747e-02  -5.93828969e-03  -4.59036604e-02  -2.89776251e-02
   -5.23110367e-02  -4.19277251e-02  -5.50099388e-02  -5.90143241e-02
   -3.65314772e-03  -2.98655294e-02]
 [  7.26488793e-07   5.69554231e-07  -3.24524649e-07  -4.60545948e-07
   -2.20915311e-07  -7.74232888e-07  -2.42372664e-07   3.33381593e-07
    8.27408371e-07   5.76829393e-07]
 [  2.88560329e-07   6.32479271e-07   4.20261550e-08  -7.78399169e-07
   -9.32381568e-07  -1.69720408e-07  -1.04762285e-06  -2.00553217e-07
    3.63941098e-07  -4.98219947e-07]
 [  5.53592514e-08  -2.81725164e-07   2.80499791e-07  -3.88060499e-07
   -1.20657467e-06   5.61997297e-07  -7.58662964e-07  -2.64733927e-07
   -8.70898873e-07   2.45397871e-07]
 [  2.95702279e-07  -4.71673900e-07  -5.45831256e-07  -1.97854504e-07
   -3.81283144e-07   4.38669190e-07  -2.39812920e-07   8.26874302e-09
    3.10983154e-07   9.41500815e-08]
 [  5.32070658e-07  -6.18817637e-07  -3.48448538e-07   3.50738020e-07
    4.99704356e-07  -2.45767950e-07  -5.21002335e-07   1.04529886e-06
   -1.11690198e-07  -6.99768577e-07]
 [ -3.55285260e-06  -7.72105921e-07   7.35998981e-07  -1.39806218e-06
    8.56843826e-07   1.09604241e-06   8.81699975e-08  -1.05742436e-06
   -3.66547147e-06  -8.44145973e-07]
 [ -3.75949778e-02  -5.12527749e-02  -4.63859038e-03  -1.98614839e-02
   -3.93084735e-02  -2.12730765e-02  -3.16357687e-02  -1.14749819e-02
   -3.52351964e-02  -1.92249380e-02]
 [ -3.23721170e-02  -3.62893306e-02  -2.84108017e-02  -4.38213684e-02
   -2.41918284e-02  -2.73408853e-02  -5.46690710e-02   1.32754333e-02
   -6.05780631e-02  -2.85481997e-02]
 [ -1.00033799e-06   1.45366243e-07   4.93091989e-07   4.06556524e-07
   -3.39166377e-07  -4.71799211e-07  -3.45601308e-07   3.81747043e-08
    8.79019467e-07  -3.87645571e-07]
 [ -3.17259037e-07  -1.50429273e-07  -6.24056668e-07  -3.37895614e-07
    4.62350812e-07  -1.28268496e-07  -7.85505847e-07   4.09374650e-07
    4.44528013e-07   3.39995609e-07]
 [  1.57743628e-07  -8.58452609e-07   9.68134714e-07   7.77759851e-07
   -1.10419851e-08   3.86178357e-07  -1.66473058e-06   1.03811533e-06
   -2.02548017e-06  -9.47930289e-07]
 [ -4.53386519e-08   7.76966488e-07  -6.68622476e-07  -1.85108672e-06
   -1.36805363e-06  -2.36787969e-06  -5.21134723e-07  -9.49378602e-07
    1.68836081e-07   1.60832394e-06]
 [ -1.42422868e-02  -2.89043002e-02  -4.05631512e-02  -4.44585979e-02
   -4.28361371e-02  -5.42714074e-02  -6.70071244e-02  -5.15578873e-02
   -9.60504112e-04  -2.52323989e-02]
 [  2.44099056e-06  -8.43330895e-07   2.07263042e-06   1.88471552e-06
   -1.91017284e-06  -1.10861561e-06  -4.56562134e-07  -3.88855455e-07
    4.69059529e-07  -1.57663283e-06]
 [ -3.64271142e-02  -5.67614138e-02  -2.68289465e-02  -2.22163331e-02
   -3.13502848e-02   2.48259283e-03  -2.86001265e-02  -3.87228243e-02
   -2.62765866e-02  -3.67417559e-02]
 [  9.98069964e-08   6.27224381e-07  -4.50967747e-07   8.89137937e-08
    3.65892788e-07  -5.68518033e-07  -5.71865826e-07  -7.14307191e-07
    2.19080349e-07  -6.55301449e-07]
 [  2.01284979e-06   5.39602468e-07   1.35786797e-06   4.67194326e-07
   -1.35681637e-06  -3.25461019e-06  -1.99384613e-06  -1.15741875e-06
   -4.86293210e-08  -6.58465694e-07]
 [ -2.83520620e-07   6.67495044e-07  -2.37764255e-07   6.83575934e-08
    3.83009677e-07  -5.06903802e-07   1.43648009e-07  -6.98489714e-07
   -2.64925291e-07  -4.26707743e-07]
 [  1.74972982e-07  -1.34045649e-06   6.06004789e-07  -9.16603142e-07
   -1.97480404e-06  -3.40340193e-06  -2.47227786e-06  -8.01348961e-07
    2.87049915e-07   1.14288071e-06]
 [  1.84484783e-08   1.06879043e-06  -6.84560518e-07   1.52112602e-06
    2.14808765e-07   3.89077513e-07  -3.64482169e-08   9.78472343e-08
    2.22520526e-07   3.41532512e-07]
 [ -6.62594402e-07   1.81194793e-07  -2.21470415e-07  -3.05095313e-07
    1.79637979e-07  -1.46294974e-06  -1.40003920e-06  -4.65254288e-07
    1.57099294e-07   4.54691587e-07]
 [  2.48069273e-06  -6.11724147e-07   1.52412406e-06   3.78985021e-09
    6.63854735e-07  -1.28587146e-06  -1.33079402e-06   5.49574906e-07
   -2.91617226e-07   1.61742477e-07]
 [ -5.15978229e-07  -3.57302474e-06  -1.14074066e-06   1.33704953e-06
   -4.59663534e-06   1.47026344e-06  -9.54295615e-07   1.14956197e-06
    3.89836629e-07   2.46861617e-07]
 [ -1.81476736e-07  -1.71232799e-07  -1.03675490e-07   1.50332191e-08
   -5.80688777e-07  -1.42519229e-06  -1.72902526e-06   1.34004813e-06
   -1.00992543e-06   1.89455420e-06]
 [  6.58670558e-07  -2.38700171e-08  -4.35480786e-07   2.93164995e-08
   -3.67842034e-07   2.61110330e-07  -1.35843806e-07  -2.59599176e-07
   -2.32168787e-07  -2.15779732e-08]
 [ -8.59987210e-07   5.42480052e-08  -8.42842098e-07  -2.32607125e-08
   -1.09878897e-06  -2.92910386e-07  -4.04352392e-07   2.91170949e-07
   -4.67400696e-07  -5.86823433e-07]
 [  1.97368649e-06   8.73774184e-07   2.96890084e-06  -1.24898497e-06
   -2.44664284e-06  -1.05603085e-07  -3.84421264e-06  -1.33398567e-06
    2.37541281e-06  -3.17549592e-07]
 [ -8.65452876e-07  -8.14899863e-07  -8.43580210e-07  -2.01619432e-08
    7.85560474e-07   7.81385410e-08  -1.24716649e-07   5.59292118e-07
   -4.36675663e-07  -2.43345909e-07]
 [  1.58056821e-07  -3.64567505e-08   5.88631963e-07   9.23676168e-07
   -6.30420914e-07  -1.00437637e-06  -2.96305529e-07  -3.94371085e-07
   -2.97051095e-08   9.58147623e-08]
 [ -4.11509063e-07  -2.90699234e-07  -1.36854979e-07   6.54476082e-08
    7.43935891e-09  -3.60810930e-07   5.66364200e-08   2.49210927e-07
   -3.94079166e-07  -6.95580184e-07]
 [  1.10081726e-06  -2.20661423e-06  -6.47763670e-07  -4.59829351e-07
    1.02507542e-07  -1.09235611e-06   3.55698688e-07  -7.37588095e-07
   -6.25605082e-07  -5.49491517e-07]
 [ -1.71398415e-06  -2.08707476e-07   9.25695929e-07   5.08257870e-07
   -2.04706922e-07   5.47099388e-09  -1.22247218e-06   2.18077702e-07
    2.82569541e-08  -3.67403999e-07]
 [ -6.54973107e-08  -2.77282794e-07  -2.82049768e-07   6.17792324e-08
    1.44087133e-08   3.86314412e-08  -1.34814286e-07  -2.32899808e-07
   -5.43951330e-07  -5.98033978e-07]
 [ -1.30775357e-02  -3.44499424e-02  -9.24076978e-03  -3.34528051e-02
   -1.59081724e-02  -4.53049280e-02  -2.79148854e-02  -4.21796292e-02
   -2.06917394e-02  -5.20236716e-02]
 [ -1.37623977e-06  -1.85669035e-06   4.93054870e-07   8.95591246e-09
    4.33417028e-07   1.58018804e-06  -1.05731579e-06   2.08930805e-06
   -2.99950375e-06  -2.14157717e-06]
 [  4.19116418e-07   2.80216000e-07  -9.39623760e-07  -4.38852993e-07
    1.50049814e-07   2.72066956e-08   7.37377874e-08  -1.29934525e-08
   -5.80820654e-07  -2.37715824e-07]
 [ -9.92586820e-07   9.60140483e-07  -8.30363263e-07  -1.07426985e-07
   -2.48734204e-06  -1.11518102e-06  -2.03819764e-06  -1.68582929e-07
    1.62170934e-07   5.47998297e-07]
 [ -2.23323127e-06  -1.71609793e-06   2.65980339e-06   4.32660590e-06
   -1.22359779e-06   3.16147577e-07  -3.62811375e-06  -1.09589371e-06
   -1.35410403e-06  -1.01886224e-06]
 [ -5.63186632e-06   5.41670488e-07  -8.35696653e-07  -7.81929632e-09
    1.12504335e-06  -3.90289472e-07  -5.89524660e-08   1.32527680e-06
   -1.86936506e-06  -2.34037699e-07]
 [ -3.06877098e-07  -4.80255096e-07   3.18949333e-07   8.80514150e-08
   -7.68475505e-09  -3.47073524e-07   1.33026020e-07  -8.35404208e-08
   -2.79829663e-07   5.78915866e-08]
 [ -1.25349348e-03  -4.12180722e-02  -4.59382758e-02  -7.25037977e-02
   -5.57348058e-02  -4.75097820e-02  -6.21213317e-02  -2.41610259e-02
   -4.90352847e-02  -3.28796580e-02]
 [ -2.04207320e-02   1.01304855e-02  -2.35423837e-02  -4.28618938e-02
   -3.18987221e-02  -4.29400541e-02  -3.78832594e-02  -3.71944383e-02
   -2.70860866e-02  -2.20903065e-02]
 [ -4.62417484e-06   1.48971242e-06   1.70216538e-07   7.74957073e-07
    1.70798126e-06   1.93191067e-06   8.62525326e-07  -4.96169491e-07
   -1.61215530e-06  -2.61848845e-06]
 [ -6.89320188e-07  -6.40958888e-07   9.96743893e-07  -3.06469644e-07
    3.68987997e-07  -3.64651527e-07  -6.28704072e-07   3.05168868e-07
   -5.27684392e-07   1.68551807e-07]
 [ -5.14903263e-07   2.90567442e-07   2.28483742e-07  -1.76860044e-06
   -9.12021221e-07   1.00014120e-06   1.14424415e-06  -2.19985068e-07
   -1.30602916e-06  -4.32031129e-07]
 [  7.06954381e-07  -2.54234411e-08  -1.14141142e-06   2.42503859e-07
   -2.16277783e-07   1.96440638e-07   2.35622096e-07   3.41286380e-07
   -8.50793285e-08   1.01041644e-06]
 [  8.94272105e-08  -5.07784023e-07  -3.43945771e-07  -1.28856118e-06
   -3.02680576e-07   4.82713972e-07  -6.30897318e-07  -8.24683966e-08
   -2.01779656e-07  -3.52500336e-07]
 [  1.50704670e-06  -9.37325865e-07   9.40818836e-07   4.00437614e-07
   -8.08817617e-07  -2.87364128e-06  -3.27708835e-06  -8.24731728e-07
    9.31250383e-07  -5.36304299e-07]
 [ -2.35580910e-06   3.27663003e-07   7.25950144e-07   7.16844568e-07
    8.91891204e-07   1.76969010e-07   9.42015177e-08   3.25212909e-07
   -1.92690572e-06  -1.34633467e-06]
 [ -6.67298911e-03  -3.98141704e-02  -2.09218953e-02  -4.13678437e-02
   -4.53959927e-02  -4.44586240e-02  -2.76542418e-02  -5.42795286e-02
   -4.53527048e-02  -4.22748514e-02]
 [ -4.17320691e-02  -8.82553868e-03  -3.32028419e-02  -2.32155733e-02
   -4.45728563e-02  -2.51459125e-02  -1.62580586e-03  -4.83962372e-02
   -2.55530477e-02  -1.91583335e-02]]
W2=[[ -7.34983075e-07   6.64299726e-03  -3.01866748e-07 ...,   6.51468724e-07
    2.39510182e-03  -2.36753579e-02]
 [  3.36745529e-07  -2.14461610e-03  -5.63128197e-07 ...,   3.44875815e-07
   -2.59834807e-02  -9.32122394e-03]
 [  1.72437908e-07   3.25890966e-02  -9.33268666e-07 ...,   2.44314208e-07
   -2.46299133e-02   7.56128728e-02]
 ..., 
 [ -1.51684922e-08  -1.23332758e-02  -8.02364895e-08 ...,  -2.24795855e-07
   -9.61385760e-03  -7.01224152e-03]
 [  2.29536440e-07   1.07586142e-02   6.36058928e-07 ...,  -7.79373934e-08
   -2.38753445e-02  -3.36668774e-04]
 [  2.73337037e-07   1.05396220e-02  -3.00731884e-08 ...,  -3.69358943e-08
    5.82074840e-03   2.96942447e-03]]
b2=[ -2.19746376e-04   2.60193765e-01  -9.19384256e-05  -5.07386285e-04
  -2.14814150e-04   1.27442196e-01  -1.23541948e-04  -9.12838514e-05
  -4.35277034e-04  -1.89151660e-01  -2.33564759e-04  -7.73181033e-04
   2.22739100e-01  -1.31325840e-04   2.57093070e-05  -1.05845014e-04
  -1.83597349e-05   9.27201733e-02   1.25446197e-04  -1.31337365e-04
   6.30685836e-02  -2.90168915e-04  -3.18704668e-04  -1.47268613e-04
  -9.89879481e-05  -4.48406172e-05   1.02506099e-04  -2.99466221e-04
  -3.88685912e-05   3.66667435e-02   1.45858973e-01  -3.84171290e-04
   9.51216352e-05  -1.41438184e-04  -9.75244213e-04  -6.51864917e-04
  -2.11892126e-04  -1.29613007e-04  -9.93702924e-05  -1.84541466e-04
  -2.42273092e-01  -3.39154940e-04   3.01364693e-04  -1.72806991e-04
  -1.26843428e-04  -9.90437460e-04   2.66761810e-01   6.03262335e-04
  -4.94535752e-02  -2.52653583e-04  -1.42767196e-04  -1.79829716e-04
  -1.58081777e-04  -1.20403696e-04  -6.77995049e-05   5.54819256e-02
  -8.25214852e-03  -9.08344446e-05  -1.51060609e-04  -1.51104105e-04
  -3.86495201e-04   3.16971950e-02  -1.00215571e-03   5.38964346e-02
  -1.96157795e-04  -1.10594311e-03  -2.91304896e-04  -5.50606172e-04
  -5.82255831e-04  -3.45272885e-04  -9.75750037e-04  -1.48860016e-03
  -5.66317060e-04  -1.83008960e-04  -3.20253079e-04  -1.07361400e-03
  -1.63929159e-04  -9.50640169e-05  -7.84075819e-05  -3.23352957e-04
  -9.12872347e-05  -6.84467741e-05   3.41226429e-01   1.06145526e-04
  -1.48652267e-04  -3.33510427e-04  -4.51464439e-04   9.45919484e-04
  -7.73626089e-05  -1.14393914e-02  -1.84941620e-01   6.18857855e-04
  -1.88942413e-05  -3.95578681e-04  -3.31882009e-04  -3.32664436e-04
  -1.09643978e-03  -2.57981068e-04   3.06447335e-02  -5.53065054e-02]
b3=[-0.17926641 -0.23279649  0.16977681  0.05574968  0.38199201 -0.11788799
  0.01465909 -0.08212466  0.03932329 -0.1831366 ]
b1=[-0.25351369 -0.38224998 -0.67369545 -0.7447291  -0.30540529 -0.62949133
 -0.09529996 -0.74579114 -0.65792346 -0.59673566 -0.65630293 -0.52843237
 -0.14301826 -0.08309843 -0.47843549 -0.6809141  -0.47053564 -0.50626445
 -0.47713947 -0.47163245 -0.55914307 -0.76664782 -0.13747042 -0.71015519
 -0.56559891 -0.29776517 -0.25341338 -0.16218409  0.18806641 -0.11394278
 -0.62479812 -0.12240712]
