W1=[[[[  2.59404513e-03  -2.95275380e-03  -7.15800421e-03 ...,
      2.71372730e-03   1.09266825e-02   1.92687474e-02]
   [ -2.05553416e-03  -2.62661278e-03  -9.90968384e-03 ...,
     -6.85349386e-03  -2.82382802e-03   5.22754621e-03]
   [ -9.60550923e-03  -9.19692125e-03  -1.65449735e-02 ...,
     -1.31724710e-02  -6.09265175e-03   6.21625874e-03]
   ..., 
   [ -3.86557658e-03  -8.31617229e-03  -1.23834731e-02 ...,
     -7.47863855e-03   1.01875135e-04   1.27616515e-02]
   [  5.33164944e-03   1.45474507e-03  -2.46025738e-03 ...,
      9.00542829e-04   9.45894886e-03   1.78110227e-02]
   [  1.36676868e-02   6.75554760e-03   3.33652832e-03 ...,
      6.15779264e-03   1.33583304e-02   1.99872795e-02]]

  [[ -8.72322638e-03  -6.00664783e-03  -5.43155288e-03 ...,
     -8.74334294e-03  -9.20937955e-03  -8.03267770e-03]
   [ -6.61672233e-03   3.51395691e-03   5.68372337e-03 ...,
     -1.18297935e-02  -1.35219386e-02  -1.84961613e-02]
   [ -6.24436932e-03   4.82127629e-03   8.31057038e-03 ...,
     -7.57737784e-03  -1.49961459e-02  -1.35957552e-02]
   ..., 
   [ -1.26254652e-02  -8.75561219e-03  -1.50029431e-03 ...,
     -7.79471500e-03  -1.02359364e-02  -6.09348575e-03]
   [ -1.59014051e-03   1.52580877e-04   5.53866941e-03 ...,
      6.37563120e-04   5.91676158e-04   2.85126944e-03]
   [  3.37646017e-03   1.73334521e-03   4.53004055e-03 ...,
     -2.57956097e-04   3.52033554e-03   7.96113722e-03]]

  [[  2.97683431e-03   2.00495068e-02   2.62935907e-02 ...,
      2.44780630e-03  -7.27374619e-03  -1.08210240e-02]
   [  1.64187644e-02   3.52491811e-02   3.97623330e-02 ...,
      7.88617693e-03  -7.05923326e-03  -1.80539731e-02]
   [  1.75986029e-02   4.11807075e-02   4.58204634e-02 ...,
      1.52676702e-02  -3.55526130e-03  -1.56100709e-02]
   ..., 
   [ -3.23966797e-03   9.43779200e-03   2.28573587e-02 ...,
      5.81475114e-03  -6.14752201e-03  -1.16903791e-02]
   [ -1.14195542e-02  -1.32019282e-03   1.09188147e-02 ...,
     -1.47767027e-03  -9.76365525e-03  -1.30942771e-02]
   [ -2.64081005e-02  -2.40254700e-02  -1.26299411e-02 ...,
     -2.33085230e-02  -2.40222067e-02  -2.24127173e-02]]]


 [[[ -1.07305245e-02   4.17649886e-03   3.20700463e-03 ...,
     -1.16591956e-02  -1.08439261e-02   1.34978525e-03]
   [ -1.92853082e-02  -3.85514856e-03   8.15903768e-03 ...,
     -6.66419603e-03  -2.97973417e-02   7.46733462e-03]
   [ -2.27501020e-02  -7.84267485e-03   1.63631849e-02 ...,
      5.60028851e-03  -4.28498425e-02   1.28242117e-03]
   ..., 
   [ -2.48727649e-02  -6.90185139e-03   6.24728715e-03 ...,
      3.85224745e-02  -2.75781900e-02  -2.12056991e-02]
   [ -2.71972399e-02  -7.46701052e-03  -8.32865853e-03 ...,
      2.52313036e-02  -1.36037879e-02  -2.34209951e-02]
   [ -1.39390565e-02   5.06468490e-03  -1.62033376e-03 ...,
      2.08403040e-02   5.50611550e-03  -1.18109463e-02]]

  [[ -4.70466586e-03   1.16932904e-02   1.88075751e-02 ...,
     -1.74671982e-03  -3.94097250e-03   2.40010233e-03]
   [ -1.69182997e-02  -8.07553413e-04   2.36130301e-02 ...,
      1.58204581e-03  -2.31966283e-02   7.71240611e-03]
   [ -2.15610042e-02  -4.95180348e-03   2.43866667e-02 ...,
      7.99722411e-03  -4.18833755e-02   1.81532966e-03]
   ..., 
   [ -2.50467118e-02  -3.41403252e-03   7.76193198e-03 ...,
      3.62397954e-02  -2.87591480e-02  -1.80366896e-02]
   [ -2.48516947e-02  -8.58608168e-04  -2.69309478e-03 ...,
      2.48147454e-02  -1.62589755e-02  -2.52749026e-02]
   [ -1.25224050e-02   1.03236232e-02   2.58354703e-03 ...,
      2.59422846e-02   5.00400644e-03  -1.33392932e-02]]

  [[ -1.11595336e-02   5.15965046e-03   6.62830565e-03 ...,
     -1.34645402e-02  -1.15313921e-02  -1.21691939e-03]
   [ -1.66383162e-02  -3.29452241e-03   8.58923793e-03 ...,
     -1.30050397e-02  -3.18729952e-02   2.80719972e-03]
   [ -1.96671579e-02  -3.29419598e-03   1.15640983e-02 ...,
     -2.54943501e-03  -4.48034257e-02   1.33982673e-03]
   ..., 
   [ -1.77322794e-02   2.09822133e-03   2.45717168e-03 ...,
      2.55514905e-02  -2.99385358e-02  -1.57403201e-02]
   [ -2.11506169e-02  -1.77341606e-03  -1.37124984e-02 ...,
      1.57122966e-02  -2.21393444e-02  -2.46147886e-02]
   [ -4.93718730e-03   7.89128523e-03  -3.67630390e-03 ...,
      2.26640720e-02   3.47264996e-03  -1.35639459e-02]]]


 [[[  8.19254725e-04   3.51671828e-03   1.88992708e-03 ...,
      4.02290199e-04  -1.89486658e-03  -2.75575533e-03]
   [ -5.08127385e-04  -2.39640591e-04  -9.60922276e-04 ...,
     -2.00345204e-03  -2.14174204e-03  -2.65944679e-03]
   [ -9.00044921e-04  -1.29494083e-03  -2.45914771e-03 ...,
     -2.43657827e-03  -2.21465738e-03  -4.29990608e-03]
   ..., 
   [ -3.57478717e-03  -4.04632697e-03  -3.74489138e-03 ...,
     -5.38780680e-03  -4.14395425e-03  -3.94082116e-03]
   [  4.82497690e-03   3.23970802e-03   7.80208793e-04 ...,
      2.74010841e-03   3.44655034e-03   2.96726846e-03]
   [  6.98405085e-03   5.68620395e-03   4.17196378e-03 ...,
      1.83921517e-03   2.03690398e-03   3.46826576e-03]]

  [[ -3.07226437e-03  -9.38193116e-04  -3.02151078e-03 ...,
     -3.69807635e-03  -1.52473163e-03  -3.44379549e-03]
   [ -2.66759447e-03  -2.29841704e-03  -1.52902177e-03 ...,
      1.86836568e-03   1.77032361e-03  -8.78236897e-04]
   [  1.52889911e-07   6.36528537e-04   4.06055106e-03 ...,
      3.45019158e-03   4.47078701e-03   2.40360806e-03]
   ..., 
   [  2.69035436e-03   2.71228678e-03   7.69324834e-03 ...,
      7.57972663e-03   7.02702953e-03   5.74671011e-03]
   [ -2.60811509e-03  -6.85596082e-04   4.26926743e-03 ...,
      3.64142028e-03   3.13541247e-03   1.97604205e-03]
   [ -9.04708635e-03  -6.61328761e-03  -1.26108527e-03 ...,
     -1.52194197e-03  -3.04246205e-03  -6.46886928e-03]]

  [[  1.37367853e-04   6.42307801e-04  -7.64761411e-04 ...,
      1.85820810e-03   1.22615497e-03   2.48872791e-03]
   [ -1.59173005e-03  -6.73157847e-05  -1.83255342e-03 ...,
     -2.66509858e-04   9.15999699e-04   6.27689806e-05]
   [ -1.25359313e-03  -2.30936057e-04  -2.25512590e-03 ...,
     -1.27745059e-03  -1.75785471e-03  -1.21144309e-04]
   ..., 
   [  1.26573944e-03   1.01783709e-03  -3.31692328e-03 ...,
     -2.94823479e-03  -1.71993882e-03  -1.07295497e-03]
   [  7.55356101e-04   6.50630391e-04  -4.57915524e-03 ...,
     -3.10617569e-03  -2.51072436e-03  -8.25349183e-04]
   [  3.75619926e-03   4.83211223e-03  -1.02591945e-03 ...,
      1.36962289e-03   2.20996793e-03   4.03429475e-03]]]


 ..., 
 [[[  2.02544127e-02   3.73706687e-03  -1.03347413e-02 ...,
     -1.14093591e-02  -1.43451383e-03   1.46689257e-02]
   [  7.02591799e-03  -1.30978739e-02  -2.43811663e-02 ...,
     -2.50153467e-02  -1.13302311e-02   3.73989064e-03]
   [  1.75816403e-03  -1.46539649e-02  -2.08210647e-02 ...,
     -1.28265610e-02  -1.49048411e-03   4.57407674e-03]
   ..., 
   [ -9.13739391e-03  -1.84987970e-02  -2.25191526e-02 ...,
     -1.98350102e-02  -1.45863369e-02  -1.55851869e-02]
   [ -1.12601258e-02  -1.85714327e-02  -1.79396179e-02 ...,
     -1.98756661e-02  -1.60731450e-02  -8.48140195e-03]
   [ -1.64601393e-03  -1.13097215e-02  -2.01127641e-02 ...,
     -2.14541592e-02  -1.57971904e-02  -1.66870677e-03]]

  [[  1.50425350e-02   1.69714857e-02   9.44880024e-03 ...,
      5.42923622e-03   1.68023305e-03   8.44465196e-03]
   [  9.36302543e-03   7.44454237e-03   1.73337874e-03 ...,
     -1.80970028e-03  -4.40048659e-03   5.81029570e-03]
   [  1.88471458e-03  -3.13301664e-03  -4.79426980e-03 ...,
      4.91995085e-03   2.41277926e-03   2.21776008e-03]
   ..., 
   [ -6.67364453e-04   1.13422959e-03   8.18106066e-03 ...,
      9.00200102e-03   2.51269550e-03  -8.67098849e-03]
   [  1.79238233e-03   2.69260164e-03   1.21021383e-02 ...,
      1.19876312e-02   4.46567283e-04   7.31487235e-04]
   [  9.72206611e-03   5.15664415e-03   3.69579974e-03 ...,
     -8.38210050e-04  -8.85246508e-03  -3.69145942e-04]]

  [[ -3.06596956e-03  -2.10071006e-03  -4.74400353e-03 ...,
     -6.80360943e-03  -1.30257681e-02  -6.35059830e-03]
   [ -6.96850056e-03  -2.44183722e-03  -5.89390937e-03 ...,
     -9.33017861e-03  -1.19641563e-02  -6.30171876e-03]
   [ -6.35696063e-03  -8.72125942e-03  -5.78219956e-03 ...,
      5.40415943e-03   2.38975347e-03   7.46537058e-04]
   ..., 
   [  5.91217354e-03   1.02172541e-02   1.93134695e-02 ...,
      2.44590696e-02   1.64784566e-02   6.11355063e-03]
   [ -1.53166766e-03   2.14451319e-03   1.55063570e-02 ...,
      1.94272771e-02   1.12283258e-02   1.29782427e-02]
   [  8.91836453e-03   5.07183233e-03   8.26921500e-03 ...,
      6.66834135e-03  -2.69875117e-03   6.94268662e-03]]]


 [[[  1.14654815e-02  -8.63493420e-03  -2.06006020e-02 ...,
     -9.92634241e-03   2.16255174e-03   8.22739396e-03]
   [  2.37458549e-03  -2.46096645e-02  -2.20367257e-02 ...,
      3.78569844e-03   1.35019012e-02   2.45825946e-03]
   [ -3.49796540e-03  -2.92854477e-02  -1.68685783e-02 ...,
      8.66493490e-03   1.55599564e-02   3.40914354e-03]
   ..., 
   [ -1.34032033e-02  -2.80672200e-02   6.29611081e-03 ...,
      1.57408006e-02   1.42204072e-02  -4.92380653e-03]
   [ -1.35987420e-02  -2.10731737e-02   1.36103667e-02 ...,
      1.37027651e-02   1.54218571e-02  -2.73421314e-03]
   [ -1.46746570e-02  -7.66479596e-03   1.69222895e-02 ...,
      5.88615471e-03   2.56082858e-03  -1.04674324e-02]]

  [[  1.26361595e-02   9.36878147e-04  -1.23933638e-02 ...,
     -1.24451006e-02   5.96494880e-03   1.80803537e-02]
   [  2.30619265e-03  -1.28494762e-02  -1.14039779e-02 ...,
      1.88921683e-03   1.83359906e-02   1.44593930e-02]
   [ -9.46300046e-04  -2.04288997e-02  -6.88398350e-03 ...,
      7.79916579e-03   1.74528193e-02   1.14636533e-02]
   ..., 
   [ -7.75263226e-03  -1.73933487e-02   9.35076736e-03 ...,
      7.54380971e-03   5.07357204e-03  -2.32434744e-04]
   [ -9.56945773e-03  -1.26739442e-02   1.73866507e-02 ...,
      5.42911375e-03   1.11992648e-02   2.59265560e-03]
   [ -8.08308832e-03   1.37851399e-03   2.17431691e-02 ...,
      1.72943273e-03   4.27579333e-04  -3.07177240e-03]]

  [[  1.05450228e-02  -6.67689228e-03  -1.01688793e-02 ...,
     -3.74908699e-03   1.70376133e-02   2.03467105e-02]
   [ -6.07915781e-03  -3.07954010e-02  -1.82993002e-02 ...,
      5.65240812e-03   2.41399556e-02   1.02269109e-02]
   [ -8.53528641e-03  -3.30795087e-02  -8.30736663e-03 ...,
      1.58497114e-02   3.27874757e-02   1.84057448e-02]
   ..., 
   [ -1.44709470e-02  -2.76396479e-02   1.10882148e-02 ...,
      1.20500987e-02   1.27746407e-02  -9.04440042e-03]
   [ -1.23381941e-02  -1.91029999e-02   1.94719713e-02 ...,
      6.96038688e-03   8.22581258e-03  -9.69132315e-03]
   [ -9.42473765e-03  -5.40086767e-03   2.18598899e-02 ...,
      1.46408577e-03  -1.21098978e-03  -1.57798324e-02]]]


 [[[  7.72998529e-03   9.56089061e-04  -6.26251521e-03 ...,
      9.71010514e-03   2.67668143e-02   2.39945799e-02]
   [  1.07652377e-02  -3.67336394e-03  -1.01150209e-02 ...,
      7.27211498e-03   2.98961625e-02   3.14266309e-02]
   [  1.35957524e-02  -1.03251496e-03  -1.53417252e-02 ...,
      2.77578388e-03   2.70695277e-02   3.41621414e-02]
   ..., 
   [  1.81153864e-02   7.22713070e-03  -1.27413385e-02 ...,
     -8.91982950e-03   1.34371296e-02   2.15928387e-02]
   [  1.91974845e-02   1.28520783e-02  -9.76839382e-03 ...,
     -1.39842974e-02   5.04428754e-03   1.00360764e-02]
   [  1.28738331e-02   1.27660558e-02  -4.90636379e-03 ...,
     -1.14914654e-02  -1.48864766e-03   4.01713280e-03]]

  [[ -5.62926894e-03  -1.00803040e-02  -1.06425378e-02 ...,
     -1.65884234e-02  -1.67757217e-02  -1.31000839e-02]
   [ -1.31207202e-02  -1.72510464e-02  -1.15246903e-02 ...,
     -1.71499606e-02  -2.11411770e-02  -2.00486742e-02]
   [ -1.33739337e-02  -1.34419855e-02  -7.83519261e-03 ...,
     -1.20349219e-02  -1.56253260e-02  -1.56042483e-02]
   ..., 
   [ -1.29228896e-02  -8.32322054e-03  -6.03424665e-03 ...,
     -8.54883809e-03  -1.12367105e-02  -1.01076141e-02]
   [ -4.02950594e-04   3.57829104e-03   3.80154466e-03 ...,
      3.64291784e-03   5.28346398e-04  -8.77781888e-04]
   [  3.04985326e-03   8.96181539e-03   4.84456867e-03 ...,
      7.69586582e-03   5.79588255e-03   2.37151654e-03]]

  [[  1.22558419e-02   1.62735060e-02   1.47797801e-02 ...,
      5.79141779e-03  -6.30150409e-03  -5.26599400e-03]
   [  5.87593345e-03   1.27582885e-02   1.68841705e-02 ...,
      8.18032213e-03  -9.31384694e-03  -1.24208992e-02]
   [  1.56038115e-03   1.33942952e-02   2.21060198e-02 ...,
      1.48482285e-02  -3.99220688e-03  -8.75106454e-03]
   ..., 
   [ -7.61745544e-03   1.14340158e-02   1.97810251e-02 ...,
      1.51133034e-02   7.31124746e-05  -5.88778965e-03]
   [ -1.82983894e-02  -4.05594660e-03   4.29548742e-03 ...,
      8.16556904e-03  -6.34285389e-03  -1.28872180e-02]
   [ -2.88718063e-02  -1.26755368e-02  -4.33416292e-03 ...,
      3.74405342e-03  -7.74817402e-03  -1.05936704e-02]]]]
W3=[[ -2.74309997e-07   1.62474024e-07   5.88025330e-07  -5.45397825e-07
    2.24832618e-07  -2.64894222e-08   1.49562908e-07  -6.93668653e-07
    1.34223072e-07  -1.69538566e-07]
 [ -3.03865932e-07  -8.13702229e-07  -1.14950900e-07  -3.02233843e-07
   -6.83519232e-08  -6.76455514e-09   2.55399357e-07  -6.24633927e-08
    2.26110629e-07   5.75969466e-07]
 [ -1.25091401e-06   7.89974081e-07  -1.67207043e-06  -1.29530372e-06
   -1.03266393e-06  -7.71249233e-07  -1.05918627e-06  -2.77210262e-07
   -4.90879700e-07   3.84255287e-07]
 [ -3.37063085e-07   1.04054538e-06   5.40931524e-07  -3.06173860e-08
    3.64834243e-08  -2.54813898e-07  -1.78834654e-07  -2.32621211e-08
   -5.74551109e-07   5.68121891e-07]
 [ -4.71282647e-06  -2.37055659e-07  -3.11552230e-06  -1.54460815e-06
    5.68363646e-07  -3.00340275e-07  -1.66963261e-07  -4.48802268e-07
   -4.17447882e-06  -8.91899219e-07]
 [ -1.11709880e-02  -2.70377472e-02  -3.09753679e-02  -3.60183278e-03
   -1.74260754e-02  -1.59054473e-02  -3.54131982e-02  -1.69990435e-02
   -3.20846550e-02  -3.22898775e-02]
 [  6.93610104e-07   9.65798677e-08  -6.18335491e-07   1.25323811e-06
   -4.65235900e-07  -3.04721169e-07   6.39472546e-07  -5.21506429e-08
   -5.75945819e-07  -3.51806904e-08]
 [  2.91927677e-06  -1.09138455e-05   4.77624781e-06  -2.70272540e-06
   -3.40453380e-06  -1.16767251e-06  -3.07748542e-06  -4.35843731e-06
    7.88849434e-07  -5.82016173e-06]
 [ -4.96143148e-05   5.99909836e-05   3.71824281e-05  -2.26820484e-05
   -1.80717470e-05  -8.42866768e-07   4.90102975e-05   7.36606016e-05
   -4.10721295e-05   7.35540243e-06]
 [ -5.58090098e-02  -4.95583601e-02  -3.19599919e-02  -2.32809018e-02
   -1.43131288e-02  -1.50767835e-02  -2.59304955e-03  -1.68256331e-02
   -6.03203252e-02  -3.19795795e-02]
 [ -3.00927758e-02  -4.21224572e-02  -2.16218960e-02  -3.13040018e-02
   -3.81971933e-02  -3.33069637e-02   2.45956401e-03  -4.69178930e-02
   -4.70148884e-02  -6.69987202e-02]
 [ -4.46537314e-08  -6.87850559e-07  -6.51735718e-07  -3.93016222e-07
   -1.39215047e-06  -1.01015405e-06  -1.72225327e-06  -9.07873300e-07
    9.34282127e-08   6.80587107e-08]
 [ -2.25874737e-06  -1.01915828e-06  -2.21990604e-06   1.59595299e-06
   -1.26126781e-06   1.42525198e-06  -1.64304254e-06   7.51653943e-07
   -1.73728131e-06   6.99824909e-07]
 [  8.68022596e-08  -1.98005424e-07  -7.12850436e-08   3.12090606e-07
    4.05392427e-07  -3.01949711e-07  -1.20759708e-07  -8.74355592e-08
   -4.27778382e-08  -1.63264104e-08]
 [ -8.28866348e-07   1.34612975e-07  -1.70079750e-09  -6.74128898e-07
   -1.98194755e-07  -3.64697655e-07  -5.07393963e-07  -2.88322269e-07
    5.16750333e-07  -2.77184853e-07]
 [ -4.91503329e-07   6.73978718e-07  -2.06670620e-07  -5.89132299e-07
   -5.01364298e-07   1.22027927e-06  -6.80062556e-07   1.10390474e-07
    6.55288147e-07   1.08505935e-06]
 [  8.29994420e-08   5.26350163e-07   5.46456931e-07   9.19253864e-08
   -5.11720543e-07  -7.81077092e-10  -3.48141320e-08   1.41588444e-07
   -9.20503453e-07  -9.18698959e-07]
 [ -5.02311299e-03  -2.24664584e-02  -3.23055796e-02  -4.28412259e-02
   -3.96421514e-02  -5.03145158e-02  -4.27283719e-02  -4.88574691e-02
   -3.36146690e-02  -2.69346647e-02]
 [ -5.57839201e-07   2.19233897e-07   1.95539428e-07   4.57349131e-07
    7.06030050e-07  -2.92594109e-07   6.81970562e-07  -4.73022538e-07
    6.59985346e-07   4.44726226e-07]
 [  9.44673445e-07  -7.66499340e-07  -4.42892485e-07   6.43097508e-07
   -1.77015488e-06  -5.71475255e-07  -2.69182988e-06   1.02225073e-07
    1.35622997e-06   8.98095209e-07]
 [ -3.52186044e-06  -2.23338748e-06  -1.78561308e-07   9.21752076e-07
    5.14448971e-07   6.52459335e-07   2.49204209e-06   6.76476475e-07
   -5.74839441e-06  -1.45232707e-06]
 [  7.35243646e-07   3.60670953e-07   3.41949118e-07   9.05112472e-07
   -6.28977887e-07  -1.91725817e-07  -7.19694526e-07  -1.23420008e-07
   -9.54453185e-07  -1.18429803e-07]
 [  1.77751735e-06  -3.09082998e-06  -1.68168890e-06   7.97747759e-07
   -2.17772981e-06   2.14442412e-06  -2.58035311e-06  -3.35853247e-06
    3.35554347e-07  -2.29728994e-06]
 [ -5.47399260e-02  -5.72245941e-02  -2.76852921e-02  -1.04170665e-02
   -9.37707908e-03  -3.61242108e-02  -2.89423242e-02  -3.55352536e-02
   -4.95497920e-02  -5.39728180e-02]
 [ -2.32563969e-02  -6.78801611e-02  -4.65203309e-03  -3.05991527e-02
   -1.71485972e-02  -3.76453996e-02  -1.68188978e-02  -5.40502928e-02
   -3.43091078e-02  -6.00696802e-02]
 [ -2.80355923e-02  -3.37262079e-02  -1.90287381e-02  -3.02699804e-02
   -2.00067386e-02  -2.19867881e-02  -2.78322585e-02   1.00177526e-02
   -5.76837286e-02  -3.43611352e-02]
 [  4.41777871e-07  -2.98274330e-07  -5.64818436e-07  -1.01471380e-06
   -1.07170570e-06  -3.19795390e-07   7.29247276e-08  -1.99995682e-07
   -5.97247663e-07  -5.61731248e-08]
 [  1.47860518e-07   3.50835734e-07  -3.85752571e-07  -1.22685685e-06
   -3.64057513e-07   5.92348840e-07  -1.70712454e-07  -3.30235281e-07
    2.35172493e-07  -5.26580209e-07]
 [  2.93223621e-07  -1.13425335e-06   1.03082343e-07  -4.42043302e-07
   -1.04336971e-06  -6.35319793e-07   7.65240529e-08  -1.21718017e-07
   -2.87430709e-07  -8.62745537e-07]
 [ -1.57962609e-02  -4.88380017e-03  -3.89610641e-02  -5.00121303e-02
   -2.91958824e-02  -2.64578033e-02  -5.74222580e-02  -7.18037738e-03
   -3.42666730e-02  -2.73981038e-02]
 [ -4.29450646e-02  -4.54181880e-02  -4.53113504e-02  -4.83539477e-02
   -7.80575201e-02  -5.77144697e-02  -5.36271669e-02  -7.56018013e-02
    2.44303443e-03  -5.17591424e-02]
 [  2.72115244e-07   1.22465266e-07   5.65908522e-07  -4.08927264e-07
   -3.46568356e-07  -2.58059686e-07  -2.22189237e-06   1.17117011e-07
    1.02763966e-06   7.15539215e-07]
 [ -2.32405644e-02   1.65239722e-02  -2.51824856e-02  -3.56803760e-02
   -3.80606130e-02  -3.83266434e-02  -3.67559157e-02  -4.59421389e-02
   -9.20159090e-03  -4.92109591e-03]
 [ -5.73439195e-07  -9.93143999e-07   8.07903746e-07   2.12528462e-07
   -5.52295376e-07   4.64830805e-07  -1.41767387e-07   5.17694161e-07
    4.22240646e-07  -1.49624153e-08]
 [  1.58583680e-06  -1.10661335e-06   7.21178139e-07  -1.81652558e-06
   -5.87924490e-07   7.95324752e-07  -1.00488046e-06  -7.76445575e-07
   -4.14151003e-07  -5.86242834e-07]
 [ -2.35569719e-02  -3.63462679e-02  -2.11141501e-02  -1.92569364e-02
   -3.52074695e-03  -8.87800287e-03  -3.66122797e-02  -1.55743305e-02
   -2.24344619e-02  -4.22232114e-02]
 [ -3.79251901e-06  -5.80219080e-07  -1.10377577e-07  -2.35652891e-07
    1.45623733e-06   8.66871517e-07   1.77822847e-06  -2.40326216e-07
   -5.10725567e-06  -2.16941680e-06]
 [ -5.28658063e-07   4.52053285e-07  -9.13326460e-07   1.06579898e-06
   -1.22850531e-06  -2.36143165e-07  -6.24470147e-07  -1.13599469e-06
   -2.36846319e-07  -9.62284844e-07]
 [  2.33590825e-07  -1.68185679e-07  -1.75121357e-08   3.23877515e-07
   -1.04477022e-06   2.83194851e-07  -9.99304689e-07  -2.56742680e-07
   -6.29257841e-07  -1.04511776e-06]
 [ -1.53280183e-07   1.57663351e-07   4.85334056e-07   4.97988033e-08
   -3.82844377e-07  -5.16498687e-07   2.49884721e-07   3.56721358e-07
    7.30822819e-07  -3.11601610e-07]
 [  3.80067831e-07  -8.74134230e-07  -3.93673503e-07  -3.73776800e-07
    3.38605389e-07  -1.59337375e-07   5.58593683e-07  -4.16677572e-08
   -4.04550349e-07  -3.38229512e-07]
 [ -5.87349678e-06  -7.73373995e-06  -5.53128484e-06  -4.94166716e-06
   -6.80526637e-06   9.19080867e-06  -1.15160592e-05  -5.65209712e-06
   -7.98308429e-06  -4.30679074e-06]
 [  7.31952099e-08  -1.05902771e-07   1.33866052e-07  -9.31753092e-08
   -2.56265139e-07  -7.11479720e-09  -3.42495156e-07   4.98377972e-07
    5.50110940e-07   9.82902026e-09]
 [ -8.69152416e-07  -5.72638839e-07   3.02477225e-08   5.95931112e-07
    5.12810971e-07   1.12465102e-07  -6.08742880e-07   3.11075041e-07
   -4.56540022e-07  -8.17458840e-07]
 [ -1.47566469e-02  -7.68297091e-02  -2.18972866e-03  -3.59602645e-02
   -3.99988331e-02  -3.52157615e-02  -2.16580257e-02  -5.02164774e-02
   -4.92019244e-02  -7.21262768e-02]
 [ -2.46908286e-07  -7.30329788e-08   7.28698410e-07   1.40398072e-07
   -3.86150219e-07  -2.11648086e-07  -6.52294773e-07  -3.32151984e-07
   -8.90875015e-07  -1.50995803e-07]
 [  6.93595382e-07  -2.74191791e-07   2.33100849e-07  -6.49649010e-08
   -2.16881887e-07   7.40868700e-07  -3.01304652e-07  -2.24186024e-07
   -1.02028309e-06  -2.16809923e-07]
 [ -8.35080982e-07  -4.28555268e-07   1.82705648e-07   1.00667580e-06
   -1.79951655e-06   1.37970335e-06  -1.89775267e-06   2.98395406e-08
    1.60935758e-06  -1.64522334e-07]
 [  4.05227256e-05  -4.51711021e-05   2.93640333e-05   3.87444270e-05
    3.98992888e-05   3.25855603e-06  -3.76355056e-05   3.69420450e-05
    3.94407107e-05  -4.41351185e-05]
 [ -3.52443866e-02  -1.80080011e-02  -3.47671807e-02  -1.29135372e-02
   -4.33545597e-02  -2.09669080e-02   4.56201890e-03  -4.04012837e-02
   -2.53236853e-02  -1.87807903e-02]
 [ -2.37125382e-02  -2.06728722e-03  -1.07363733e-02  -3.32443193e-02
   -2.60603037e-02  -1.37415845e-02  -3.54997069e-02  -3.32160257e-02
   -3.98603193e-02  -4.70348634e-03]
 [  4.03441139e-04  -3.17407958e-02  -1.18197817e-02  -4.13687490e-02
   -2.43449267e-02  -4.67769317e-02  -3.63299213e-02  -3.22338380e-02
   -5.15776761e-02  -3.68313305e-02]
 [  1.58265422e-07  -6.85303519e-07  -6.01969589e-07   9.12605813e-08
    1.97982057e-08   2.17101928e-08   2.00734391e-07   4.21475022e-07
   -1.18301136e-06  -6.95164147e-07]
 [  2.14533043e-06   3.66424956e-07   5.33955131e-07   1.18795604e-07
   -1.88568811e-06   1.29410751e-06  -4.22493667e-06  -3.51384301e-06
    2.01136368e-06   3.63369480e-07]
 [  9.39789686e-07   5.39491111e-07   1.23398479e-07  -3.01835797e-07
    8.63258720e-07   1.29571731e-07  -1.08473023e-06  -8.45786161e-08
    8.92938374e-07   6.79491166e-07]
 [ -4.16862220e-02  -4.65116389e-02   2.09544596e-04  -1.37700532e-02
   -3.14753987e-02  -1.26420055e-02  -3.13181728e-02  -2.54792925e-02
   -4.69011478e-02  -3.98483053e-02]
 [  6.30376249e-08  -8.56439044e-07  -9.84752546e-07   3.59131008e-07
   -1.09060488e-06   1.97430381e-07  -2.15920068e-06   7.73630234e-07
    1.21135463e-06   1.30150352e-06]
 [  9.86697614e-07   1.09393784e-06  -1.56190333e-06   9.99886993e-07
   -2.17207662e-06  -3.14367185e-07  -2.07460835e-06  -4.16701050e-06
    1.34113929e-08  -4.27664554e-06]
 [ -2.81364669e-06  -2.21198164e-07  -1.14175873e-06  -4.09141251e-07
   -8.12635733e-07  -4.36219977e-07   5.15786780e-07   2.72783382e-06
   -3.98022564e-07  -6.53859047e-07]
 [ -1.54527285e-07  -4.29077346e-07  -3.79174452e-08  -2.00392378e-07
   -1.82330353e-07   4.45537474e-08   1.48974181e-07  -1.33821885e-07
    3.79504002e-07   4.50802077e-07]
 [  3.16237816e-07   2.72147162e-07   9.79614697e-07   1.42028682e-07
    1.82631183e-07  -1.24422250e-08   3.46841659e-07  -1.90194299e-07
    2.36490536e-07  -2.77852308e-07]
 [ -9.99944291e-07  -3.03821594e-07  -5.07012317e-07   6.90081606e-07
   -7.45797308e-07   6.24837753e-07  -4.74650506e-07   1.08406439e-07
   -1.30705598e-06  -1.92801690e-06]
 [  6.90478544e-07  -4.74353527e-07  -6.06150763e-07   9.15609235e-07
    3.53358274e-07   7.71210793e-08  -5.26260578e-07  -2.72250531e-07
   -5.55824272e-07  -5.75261538e-07]
 [  3.98636757e-07   6.51185360e-07   1.91997088e-07  -6.03583530e-08
   -1.66478046e-07  -8.42625880e-08   2.70125241e-07  -1.74317094e-07
    1.18042451e-10  -8.92600553e-08]
 [  7.36189463e-07  -3.65737463e-07  -4.50933214e-07  -1.68267050e-07
    2.86132092e-07  -1.15926105e-06  -2.68233833e-07   6.91816012e-07
   -5.79056746e-07  -1.93714186e-07]
 [  1.99765327e-06  -9.59141403e-07  -8.30720978e-07   3.39037058e-07
   -1.38775738e-06  -1.46589386e-07  -3.23640137e-07  -2.27308561e-07
   -1.10579185e-06  -2.02862020e-06]
 [ -8.35391745e-07  -6.81381550e-07  -2.78083434e-07   9.77803438e-08
   -2.89173869e-07  -6.49268998e-07  -1.01044770e-06  -5.03495187e-07
   -1.40500447e-06  -9.63693481e-09]
 [  1.32228058e-06  -1.07712901e-06   3.00527262e-07  -9.57246282e-09
   -8.96180978e-08   4.10412355e-07  -3.17180957e-06  -9.40623238e-07
    4.67510290e-07  -3.81346354e-07]
 [ -7.21335880e-07  -1.32544073e-07  -1.23801431e-06  -1.12096052e-06
    3.50238963e-07  -1.78565494e-06   1.79714516e-06   1.32901630e-06
   -8.78028914e-07  -9.84897156e-07]
 [  6.29412682e-07  -1.17984177e-06   3.97714246e-07   2.71311933e-06
   -1.64967560e-06   6.87502165e-07  -2.13319527e-06  -1.11267286e-06
    1.79376514e-06  -3.38208338e-06]
 [  4.04828143e-07  -9.83057930e-07  -1.95494572e-08   9.18989187e-08
    5.27444911e-07   4.85817395e-08  -4.34821089e-07  -1.72744791e-07
    5.46256047e-07  -1.52269820e-07]
 [ -4.07174014e-07  -2.86275991e-07  -2.61136933e-07   5.45794762e-07
    2.26363142e-07   9.31933187e-07  -3.85863647e-10  -2.14583853e-08
    2.42636730e-07  -3.50438796e-07]
 [  9.97727057e-07  -8.03409989e-07  -7.76753495e-07  -2.61438856e-07
   -2.58224389e-07   7.79728282e-07  -8.42614270e-07   4.00060316e-07
   -1.19595586e-06  -1.00887746e-06]
 [ -3.98932025e-02  -4.23774384e-02  -3.33229229e-02  -1.70598142e-02
   -4.18786332e-02  -5.38370106e-03  -2.74893157e-02  -2.90037878e-02
   -2.42614914e-02  -3.40749025e-02]
 [ -4.86814031e-07  -1.31605745e-07  -1.26631562e-07   2.74782110e-07
   -4.23971812e-07  -3.56871283e-07   2.12673385e-07  -4.94570202e-07
    5.77225308e-07  -2.75959820e-07]
 [ -4.05364297e-03  -3.71406646e-03  -5.73222339e-02  -4.63785306e-02
   -2.44219042e-02  -5.27241603e-02  -5.97263388e-02  -2.12554485e-02
   -2.77768094e-02  -2.99768355e-02]
 [  4.25495159e-07  -4.72705409e-07  -5.89720742e-07  -7.52707194e-07
    3.97500855e-07  -6.34245282e-07  -1.90312142e-06   1.15724838e-07
    9.75021521e-07   1.70284818e-06]
 [ -1.41498788e-06  -4.49432673e-06  -4.65958692e-07   3.37298616e-07
   -9.34412014e-07  -1.61474711e-09  -2.07544485e-06   1.68862596e-06
    4.91334561e-07  -9.23312427e-07]
 [  1.35637981e-06  -1.26730424e-06   9.03988337e-07  -2.38067099e-09
   -6.27203107e-08   1.38613984e-06  -1.47305354e-06  -7.00905431e-08
   -1.76105431e-07  -1.05723814e-06]
 [ -4.38944921e-02  -7.95813501e-02  -5.01376726e-02  -3.28450873e-02
   -6.55819178e-02  -9.01288446e-03  -5.38081937e-02  -5.21537364e-02
   -6.72162026e-02  -5.89297079e-02]
 [ -4.36306919e-07   1.14688756e-08   2.65384898e-07  -3.73185088e-07
   -4.88265869e-07  -7.02557486e-07  -8.20136222e-07   3.45902293e-07
    7.16790893e-08   7.69892949e-07]
 [ -3.16275191e-07  -6.78866243e-08   2.35300107e-07  -7.36455803e-08
    1.44320495e-07  -6.97970748e-08  -9.45904731e-07  -4.66663636e-07
   -5.57194483e-07  -3.16614944e-07]
 [ -1.41775573e-07  -4.54930706e-08  -2.62944980e-07  -2.00299638e-07
   -1.04128851e-07  -3.15388462e-07  -3.92558121e-07   5.41148779e-07
    3.63538732e-07   4.15882255e-07]
 [ -2.93765396e-07  -5.44684582e-08   1.73048491e-08  -1.39776787e-07
   -1.80895668e-07  -6.35731681e-07  -3.88359283e-08  -3.02252175e-07
    2.30908469e-07   1.16239756e-08]
 [  3.79294676e-07  -4.17453862e-07   6.19253138e-09  -3.16067400e-07
    2.10443602e-07  -1.01070142e-07  -5.37424398e-07  -6.59566808e-07
    3.09083106e-07   1.47349994e-07]
 [ -2.87337315e-07  -1.41055114e-06  -5.83474446e-07   1.02804620e-06
    1.88316185e-09  -3.52436928e-07  -3.35112915e-08   7.25038774e-07
   -8.73338820e-07  -6.94069570e-07]
 [ -2.86296345e-02  -1.23589942e-02  -3.97131890e-02  -3.40064578e-02
   -4.75189909e-02  -5.05026057e-02  -3.92123237e-02  -2.26093829e-02
    7.70498114e-03  -2.47330908e-02]
 [  2.09513701e-06  -1.27840099e-06   1.33398498e-06   6.52806648e-07
   -6.47611216e-07   1.21588403e-06  -1.34348647e-06  -2.83024150e-07
    1.18222704e-06  -1.28683030e-06]
 [  1.75977704e-07   5.52793580e-08   3.18643430e-07   1.04279380e-07
   -3.12791229e-07  -9.05954138e-08   9.98961923e-07   7.64255731e-07
   -4.73777703e-07  -7.64920003e-07]
 [ -9.76836309e-03  -3.80306728e-02  -2.72428226e-02  -3.33360881e-02
   -2.42241733e-02  -4.60432656e-02  -4.71384600e-02  -5.08617200e-02
    7.51537213e-04  -3.48398648e-02]
 [ -1.42072281e-07   5.62190905e-07   3.27566596e-08  -7.68523876e-08
   -3.54585865e-07   4.97810113e-08   9.29074702e-07   2.73678637e-07
   -3.61830143e-06  -1.61778314e-06]
 [ -2.94951491e-07   2.46278063e-07  -1.09539371e-07  -1.18758479e-07
   -3.42316042e-07   2.09372331e-07   2.11829999e-07  -1.74682704e-08
    9.88211752e-08  -3.81054477e-08]
 [  2.10537428e-06  -3.43043894e-07  -9.50409515e-07  -5.91140235e-07
   -9.95204985e-08  -1.46899504e-06  -9.36212189e-07  -2.64255988e-07
   -6.06017693e-07   3.81450427e-09]
 [ -1.06554125e-02  -2.45562997e-02  -2.70491820e-02  -2.46584993e-02
   -2.68315841e-02  -2.82813441e-02  -4.01206352e-02  -1.57422554e-02
   -1.81289688e-02   1.27620380e-02]
 [ -1.04504977e-06  -1.64021458e-06  -1.77307797e-07  -2.02037809e-09
    7.42125792e-07   2.60636085e-07   4.01432516e-07   8.88204625e-07
   -9.90418698e-07   1.05395850e-06]
 [ -5.11326902e-02  -3.14362869e-02  -2.20359247e-02  -2.36385390e-02
   -5.74691780e-03  -3.16793025e-02  -1.01113124e-02  -3.89832556e-02
   -4.17094305e-02  -3.63653004e-02]
 [  9.20321838e-07  -1.59722629e-06   5.33314051e-07  -2.03403403e-07
   -1.93797888e-07  -3.08855903e-07  -2.84549787e-06   4.51797710e-08
    1.12161661e-06   1.34690958e-06]
 [ -2.59772874e-02  -7.18714371e-02  -3.31237279e-02  -2.61351075e-02
   -3.85167003e-02  -2.04252657e-02  -4.43226062e-02  -5.00700995e-03
   -5.24323992e-02  -4.87881005e-02]
 [  5.37393589e-07  -2.09147871e-07  -9.68343215e-07   8.75992043e-08
   -7.63100729e-07  -1.30273349e-06  -5.68042765e-07  -4.46562126e-07
    7.63117100e-07   7.91521245e-07]
 [ -1.65463678e-06  -1.38080134e-06   7.11947280e-07   2.96236458e-09
    5.83347401e-07   5.09412416e-07   1.33225478e-06   3.89011348e-07
   -1.42144063e-06  -1.45755234e-06]]
W2=[[ -6.74021862e-07  -5.67030756e-10   2.17377732e-07 ...,   5.64265810e-03
    1.41166069e-07   5.39274311e-07]
 [  6.07528250e-07   3.27982519e-07   1.67275147e-07 ...,   7.19125196e-03
    6.69490078e-07  -1.34674949e-07]
 [  1.47284680e-07  -2.93454207e-07   1.21899774e-07 ...,   8.03770963e-03
    6.06970275e-07   7.19120521e-07]
 ..., 
 [ -3.17145634e-07  -1.28206364e-06   4.98254394e-07 ...,   7.25329248e-03
    1.28348447e-07   9.00951989e-08]
 [ -8.03244227e-09  -1.67758529e-07   6.63562730e-07 ...,   4.62252041e-03
   -7.97467692e-07  -4.74879670e-07]
 [ -3.43795961e-08  -1.71492914e-07   3.00959414e-07 ...,  -3.96395428e-03
    2.58566768e-08   2.84212405e-07]]
b2=[ -7.35610447e-05  -3.31824085e-05  -1.84565200e-04  -9.26455250e-05
  -9.61566766e-05   1.70393661e-02  -1.67518243e-04  -2.23541167e-03
  -2.05607226e-04   1.17670789e-01   7.89618343e-02  -2.33209415e-04
  -7.41591793e-04  -9.69914545e-05  -2.26921082e-04  -1.52895940e-04
  -2.53110600e-04  -3.65527049e-02  -2.30497244e-04  -3.27138550e-04
   9.45590320e-04  -2.09795122e-04  -1.54630118e-03   1.61902413e-01
   2.61476189e-01   4.65922914e-02  -5.65136615e-05  -1.30895860e-04
  -2.05316697e-04  -1.41201362e-01   1.74274221e-01  -3.81819409e-04
  -2.42946446e-01  -1.69571853e-04  -3.17177357e-04   2.89716035e-01
   8.05868011e-04  -5.50819386e-04  -2.77791667e-04  -7.96196691e-05
  -7.28927043e-05  -8.09574034e-04  -1.70416039e-04  -4.64163677e-05
   1.56520754e-01  -1.87072161e-04  -1.49559259e-04  -2.79795524e-04
  -1.65640231e-04   1.79006923e-02  -4.21074964e-02   1.03709310e-01
  -2.34072242e-04  -8.86414084e-04  -3.44709260e-04   1.86352000e-01
  -1.96292662e-04  -1.73785444e-03  -3.86993022e-04  -9.31081013e-05
  -1.75364898e-04  -2.05392091e-04   1.96257970e-05  -1.72788175e-04
  -2.05629956e-04  -1.64163823e-04  -1.52273642e-04  -3.49018141e-04
  -3.24300578e-04  -1.33913942e-03  -8.57583509e-05  -1.06949890e-04
  -8.54123664e-06   1.37437275e-02  -1.12349793e-04  -7.57273957e-02
  -5.21004491e-04  -5.89815842e-04  -3.07569921e-04   9.53922234e-03
  -1.65499296e-04  -8.86475173e-05  -1.24028375e-04  -5.06659999e-05
  -8.58009153e-05  -2.66286166e-04  -3.06702368e-02  -3.02738568e-04
  -2.48296619e-05   1.93150580e-01  -1.64237907e-04  -1.17288604e-04
  -2.70139746e-04  -1.57234609e-01  -1.69179460e-04   2.99240500e-01
  -5.68241929e-04   3.20599065e-03  -2.07592850e-04  -1.05304949e-04]
b3=[-0.13634947 -0.27555552  0.15795995  0.04854495  0.36861902 -0.14015274
  0.0456836  -0.09944159  0.09131148 -0.16691771]
b1=[-0.54718339 -0.14019613 -0.68657285 -0.70140249  0.02052066 -0.01875493
 -0.73784387 -0.58842105  0.10458329 -0.35028288 -0.43607518 -0.71093637
 -0.75792176 -0.5676403  -0.49793342 -0.14306992 -0.37184551 -0.27638605
 -0.6846925  -0.69030845 -0.43707526 -0.43869728 -0.36854795 -0.65126586
 -0.19640988 -0.5590229  -0.66535813 -0.15641664 -0.20212302 -0.22355637
 -0.39421326 -0.74060833]
