W1=[[[[ 0.00262478 -0.01762367 -0.00710349 -0.01473408 -0.04118043]
   [-0.00336947  0.00611139  0.01641651 -0.02534719 -0.06628419]
   [ 0.00651647  0.03873497  0.06554365 -0.00025617 -0.04679874]
   [-0.02829212  0.01977131  0.07360375  0.042463    0.01159005]
   [-0.07016671 -0.04424461  0.01823831  0.03528736  0.02709821]]]


 [[[-0.00058148 -0.00486016 -0.01858305 -0.04735445 -0.05251207]
   [ 0.00149739  0.03147387  0.01181957 -0.0541468  -0.08910976]
   [-0.00137396  0.08255171  0.07721363 -0.01566853 -0.07330614]
   [-0.04032164  0.04894572  0.09316765  0.03917081 -0.00901217]
   [-0.07966553 -0.02286697  0.0424643   0.04025336  0.02007465]]]


 [[[-0.02920136 -0.03536419 -0.0204045  -0.00130905 -0.00426208]
   [ 0.07573812  0.11359756  0.11745637  0.09163187  0.07066015]
   [ 0.05629824  0.07069286  0.05942313  0.05335484  0.05427174]
   [-0.06804705 -0.06909689 -0.06864513 -0.04887784 -0.01644725]
   [-0.12019765 -0.110714   -0.10194967 -0.08861362 -0.04954726]]]


 [[[-0.05795427  0.05416183  0.10517797  0.00576902 -0.07135165]
   [-0.0219635   0.09365686  0.0774634  -0.0531001  -0.084816  ]
   [ 0.01746489  0.07520813  0.03384215 -0.05845659 -0.07347487]
   [ 0.02661718  0.0574108   0.00342823 -0.04626499 -0.06488007]
   [ 0.02985127  0.03183064 -0.02206636 -0.04735269 -0.04492223]]]


 [[[-0.05817272 -0.06638228 -0.02788532  0.01167686  0.01957401]
   [-0.10937152 -0.07687041  0.00014907  0.054189    0.02345441]
   [-0.05460174 -0.00036567  0.08377973  0.10392307  0.01215589]
   [ 0.00915988  0.02870988  0.0437059   0.01839603 -0.02222367]
   [-0.00833231  0.00480152  0.00326358 -0.00915238 -0.01880888]]]


 [[[-0.02292262 -0.04505387 -0.02956234 -0.0022892  -0.02641465]
   [-0.01577095 -0.02404987  0.04836286  0.05418235 -0.03159274]
   [ 0.05110614  0.04861005  0.09871776  0.06745552  0.01378137]
   [ 0.00624635 -0.00922653 -0.02522787 -0.01825315  0.02721126]
   [-0.03758472 -0.03790548 -0.02961113 -0.00173716  0.01829212]]]]
b4=[-0.02138663  0.02624102 -0.02036488 -0.0134838  -0.00940631  0.00432602
 -0.01511946 -0.00454004 -0.00165356  0.01632374]
W4=[[ -5.32586649e-02  -9.33360029e-03   8.30723718e-03  -4.26581204e-02
    3.66420252e-03   5.07813543e-02  -2.03462280e-02   1.71204321e-02
   -3.23053747e-02  -2.57953927e-02]
 [ -4.74586263e-02   2.44419444e-02  -3.82187515e-02   1.60638373e-02
    1.83535484e-03   6.18998101e-03   1.56559125e-02  -2.57577077e-02
   -7.77624398e-02  -1.59250461e-02]
 [ -2.16705203e-02  -2.05506235e-02   2.17471607e-02  -4.69779000e-02
    3.71493050e-03  -2.40025111e-02  -4.00523050e-03   3.11512388e-02
   -2.40132082e-02  -6.05459176e-02]
 [ -3.02307270e-02  -8.76543578e-03  -2.50214655e-02  -6.23414591e-02
    3.91647033e-02  -3.18106543e-03   4.24554162e-02  -9.93065685e-02
    8.66437051e-03  -2.17998493e-02]
 [ -6.52127862e-02   4.54595461e-02   3.17242444e-02   4.00391966e-02
   -5.18279970e-02  -8.03620815e-02  -7.23058656e-02   9.92591213e-03
   -1.37069006e-03  -5.24159819e-02]
 [ -2.00842715e-05   1.78677092e-05  -4.95576169e-05  -5.71557348e-06
   -3.34877541e-06  -2.49591758e-05   2.20467919e-05  -4.30449072e-05
   -1.85409281e-05  -2.37254899e-05]
 [ -4.75795865e-02  -3.19860205e-02   1.12588769e-02   7.78058427e-04
    9.87559836e-03  -2.76858360e-02  -7.10356012e-02   1.12298625e-02
   -4.65179719e-02   1.47423688e-02]
 [ -2.28820629e-02   4.05993946e-02   2.10619383e-02   1.59477314e-03
   -4.08362187e-02   1.71103026e-03  -4.70239781e-02  -1.96044594e-02
   -4.01550643e-02  -5.51027283e-02]
 [ -9.85267665e-03  -2.20472347e-02  -5.80675565e-02  -6.49951398e-02
   -3.76726650e-02   8.03714246e-02   2.77453079e-03   4.35313098e-02
   -4.75073829e-02  -2.78269257e-02]
 [  1.15223847e-05  -1.75700916e-05  -3.25631390e-06  -2.37086374e-06
    1.94127497e-05   5.70359625e-05  -4.27924824e-05   2.65575136e-06
   -1.39148442e-05   4.14149472e-05]
 [  3.54241394e-02  -8.03564712e-02  -2.79759662e-03   5.46276476e-03
   -1.03543386e-01   1.04583474e-02   3.32568251e-02  -1.38665631e-01
    1.35299154e-02  -4.01030332e-02]
 [ -8.13557059e-02  -7.61932582e-02  -1.28217433e-02  -3.07389218e-02
   -2.10847892e-03  -1.73289683e-02  -1.23525843e-01   5.22491112e-02
   -7.19291484e-03   6.20634258e-02]
 [ -2.86016297e-02  -1.48974201e-02   2.37520430e-02  -3.67953852e-02
    2.73286048e-02  -2.96405349e-02  -2.22467277e-02   2.14702524e-02
    5.49059315e-03  -9.61022004e-02]
 [ -9.49193630e-03  -3.10851969e-02  -2.55654883e-02  -2.86389943e-02
    1.70910824e-02  -1.36927785e-02   2.18235943e-02   6.81364676e-03
   -2.45818626e-02  -9.64128748e-02]
 [ -3.73740159e-02   5.13211116e-02   5.47409803e-02   1.82657093e-02
   -5.90529889e-02  -3.90206315e-02  -6.66405484e-02   5.12041803e-03
   -3.46906893e-02  -8.12735036e-02]
 [ -3.52709331e-02  -5.30161597e-02  -2.11913362e-02  -2.97367852e-03
   -3.12456512e-04   4.43497382e-04  -6.78503737e-02   5.47813661e-02
   -9.49486047e-02   2.26514321e-02]
 [  7.76792020e-02  -3.46307866e-02  -4.61250581e-02  -2.51206458e-02
   -8.73385444e-02   3.03838346e-02  -1.71932578e-02   2.31569689e-02
   -7.61334449e-02  -3.82306539e-02]
 [  2.77981167e-06  -3.38926984e-05   2.81231587e-05  -8.87011629e-06
    8.04591127e-06  -2.64188275e-05   1.04898409e-05  -2.05460201e-05
   -1.49720618e-05  -1.39025806e-05]
 [ -3.02441847e-02  -1.76259968e-02   3.63615667e-03   4.02638549e-03
    1.64662041e-02  -5.12243770e-02  -4.20946814e-02   2.08023526e-02
   -6.78728148e-03  -4.56174724e-02]
 [ -1.12457648e-02  -6.78057447e-02  -3.95278074e-02   2.33602710e-02
   -4.41021621e-02   2.49699187e-02  -2.54262425e-03  -1.22748710e-01
    2.43845619e-02   1.02796815e-02]
 [ -1.34514030e-02  -3.79098617e-02  -1.44412387e-02  -5.22727668e-02
    3.70400809e-02  -4.14728234e-03   5.95634170e-02  -1.74239740e-01
    3.39540169e-02  -2.00101603e-02]
 [  3.87005042e-03  -1.45175252e-02  -1.82043165e-02   3.16936113e-02
    6.47175359e-03  -3.50793488e-02  -6.51175752e-02  -2.27359449e-03
   -5.08122295e-02   3.05038644e-03]
 [  1.30010443e-02  -3.26759405e-02  -4.71347757e-02  -8.67716596e-02
    2.54114401e-02  -3.59499757e-03   1.49589786e-02   8.71366169e-03
   -4.65868451e-02   4.83805500e-03]
 [ -3.50771695e-02   1.81295653e-03  -7.16562197e-02  -3.21644135e-02
   -4.49909791e-02   3.59877497e-02   3.01991925e-02  -3.33160572e-02
   -7.83035252e-03  -1.50141409e-02]
 [ -1.21916886e-02  -4.08616476e-03   8.39426555e-03  -4.58470583e-02
    8.38545617e-03  -2.14040391e-02  -2.92921886e-02  -2.44463068e-02
   -3.52424681e-02   1.71929505e-03]
 [ -3.45668085e-02  -3.83663960e-02  -2.31369678e-02  -7.92481005e-02
    6.43952712e-02  -4.28188406e-02   4.34233993e-02  -9.33642685e-02
   -8.90681222e-02   3.86395678e-02]
 [ -1.86186262e-05  -6.05060222e-06  -6.51910977e-06  -1.16086721e-05
   -2.49194709e-05  -6.29663919e-06  -1.38128844e-05   2.25984986e-05
   -1.13212145e-05   1.85019633e-06]
 [ -1.91938374e-02   4.62277606e-03  -3.07326671e-02  -4.57629338e-02
   -1.31025743e-02   1.79054961e-02  -1.36428289e-02   3.32461223e-02
   -2.34043710e-02  -4.76268269e-02]
 [ -9.38999429e-02  -5.69427796e-02  -6.18290231e-02  -1.08841754e-01
    2.80730035e-02   3.75017361e-03  -3.90405618e-02  -1.83510303e-03
    3.79944295e-02   6.66326359e-02]
 [ -1.54647874e-02   1.26795331e-02  -4.69598221e-03  -1.04725258e-02
   -2.58932710e-02   6.82321750e-03  -1.75814237e-02  -3.40710655e-02
   -3.66204418e-02  -3.29292230e-02]
 [ -4.28021103e-02  -1.92503836e-02  -5.93440840e-03  -5.52700832e-04
    1.94626618e-02  -3.09749190e-02  -7.71184787e-02  -5.59860840e-03
   -1.10855632e-01   4.10038047e-02]
 [ -8.23505521e-02   2.66971975e-03  -4.99632098e-02  -5.71210422e-02
    1.93697792e-02  -3.26124579e-02  -8.32946151e-02   4.57101595e-03
    4.04404365e-02   4.56762984e-02]
 [  2.02303287e-02  -7.86332265e-02  -1.46552054e-02   3.17179039e-02
   -6.63609132e-02   7.76250428e-03  -2.53001004e-02  -6.52221516e-02
   -3.48642319e-02   9.63504333e-03]
 [ -2.61910632e-02   6.79870397e-02  -2.16710474e-03   1.32293599e-02
   -1.24223940e-02  -7.95813352e-02  -4.60684337e-02   1.78865297e-03
   -6.63341954e-03  -2.18100138e-02]
 [ -6.31432841e-03  -4.47257012e-02   4.58442755e-02  -1.28836511e-02
   -2.78269202e-02  -4.66466174e-02  -8.14053267e-02   4.83483262e-02
    2.03825086e-02  -1.09999977e-01]
 [ -2.77203135e-02   2.79137772e-02   3.38181406e-02  -3.39618884e-02
   -2.11892091e-02  -5.12736442e-04  -3.61019708e-02  -1.00923385e-02
   -4.36233394e-02  -4.10249867e-02]
 [ -4.05284911e-02  -8.77246819e-03   4.19784449e-02   5.31398924e-03
   -1.01067252e-01  -4.01574466e-03   2.46396437e-02  -4.15153895e-03
   -6.52614888e-03  -6.98661357e-02]
 [ -3.60989310e-02  -2.20940821e-02   1.15384180e-02   2.49261037e-02
   -9.44124684e-02   2.97716781e-02  -2.46658716e-02  -8.35337192e-02
    2.72117816e-02  -1.79886445e-02]
 [ -1.30842060e-01  -2.01059715e-03  -8.85275602e-02   2.79904585e-02
   -1.46264685e-02  -3.23695429e-02  -1.01272129e-01   3.73473763e-02
    3.62724289e-02   4.30736803e-02]
 [ -2.05776598e-02  -2.27598399e-02  -5.25546167e-03   2.09558606e-02
   -9.25993249e-02   2.66514681e-02   2.04037479e-03  -7.98204318e-02
    1.75150167e-02  -2.27085706e-02]
 [ -2.02309284e-02  -2.91336793e-02   2.61939932e-02  -4.13058884e-02
   -7.14882556e-03  -4.25667129e-02  -9.05334856e-03   4.06613089e-02
   -2.69808695e-02  -5.87849952e-02]
 [ -2.71441415e-02  -2.88049690e-02   4.41890731e-02  -3.67524363e-02
    5.93087869e-03  -1.35688372e-02  -2.99609210e-02   3.71235833e-02
   -1.88811813e-02  -5.98080419e-02]
 [ -3.49036492e-02  -3.80387157e-02  -5.42848520e-02  -6.13088580e-03
    1.47107420e-02   2.16109492e-02   3.36939059e-02  -1.04425162e-01
    1.45526156e-02  -1.67950895e-02]
 [ -1.80226415e-02  -2.19429340e-02   7.94695970e-03   2.14406345e-02
    5.18449768e-03  -6.36384189e-02  -7.54844248e-02  -2.52736616e-04
   -5.55396788e-02   2.07485761e-02]
 [  3.98021713e-02  -9.71935987e-02  -6.74427971e-02   5.11793327e-03
   -1.19240120e-01   7.72682354e-02  -3.67327631e-02   2.35460978e-02
   -3.43947783e-02   4.09393618e-03]
 [ -4.04109666e-03  -3.35245244e-02   2.69080438e-02  -1.27306553e-02
   -5.06005697e-02  -2.48530544e-02   3.48574780e-02  -2.64595672e-02
    1.63945183e-02  -8.20148140e-02]
 [ -4.74787802e-02  -6.07674420e-02   4.29467065e-03   1.24862622e-02
   -7.06864009e-03  -3.78693677e-02  -6.96888939e-02   1.18666366e-02
    1.11520654e-02   1.02609461e-02]
 [ -2.31647007e-02  -2.28602700e-02   3.90982404e-02  -1.88386608e-02
   -3.24504413e-02  -2.19446495e-02  -4.46201228e-02   9.57476534e-03
   -1.10692559e-02  -5.16949333e-02]
 [  4.69929725e-02  -3.02970316e-02   7.37338793e-03  -4.56014499e-02
   -2.79657599e-02  -6.49185777e-02  -3.39010693e-02  -1.19362324e-02
   -1.58756003e-02  -2.14893691e-04]
 [ -2.39407308e-02   8.13817456e-02   3.40828369e-03  -6.45074174e-02
   -4.19850685e-02  -2.36769975e-03  -9.76023637e-03  -3.97796556e-02
   -3.63147557e-02  -2.79458594e-02]
 [  3.94386910e-02  -2.05630474e-02  -4.72537661e-03  -4.14639786e-02
   -1.50411185e-02  -7.54051059e-02   1.34228275e-03  -3.48496065e-02
   -1.81744173e-02   2.04129796e-03]
 [ -1.21685187e-03  -1.44472122e-02  -4.90622222e-03   1.07637374e-03
   -2.79943869e-02  -7.14090243e-02  -6.10733069e-02   2.25382056e-02
    9.30008944e-03   1.84383262e-02]
 [ -3.08181942e-02  -1.72260311e-02   4.36731093e-02   1.74004976e-02
   -5.27278334e-02  -1.48294521e-02  -5.80476485e-02  -2.41392967e-03
   -2.02263091e-02  -7.58577585e-02]
 [  4.94273528e-02  -6.91607594e-02  -1.19396215e-02  -1.61450375e-02
   -5.97757772e-02  -1.08479224e-02   2.40391474e-02  -8.20104107e-02
    5.74190775e-03  -4.86570187e-02]
 [ -6.50659064e-03   2.56195292e-02   2.66671088e-03  -3.68905440e-02
    3.95977986e-04  -9.88970697e-02  -2.76926663e-02  -4.10219794e-03
    2.43082158e-02   1.87844019e-02]
 [ -3.32577936e-02   3.75371762e-02  -1.53114283e-02   2.03645024e-02
   -2.47161686e-02  -8.15965757e-02  -4.73342873e-02   2.76316218e-02
   -2.98986007e-02  -1.86840575e-02]
 [  2.35660970e-02  -8.34598243e-02  -1.41100790e-02   1.35415951e-02
   -8.76823887e-02   1.21904043e-02  -8.98637110e-04  -1.10419527e-01
    1.38638150e-02  -4.90406808e-03]
 [ -3.88767967e-06  -4.94931555e-05   1.75552286e-05  -3.36227677e-05
    8.90389799e-07  -9.80023651e-06   2.19298490e-05  -3.05017802e-05
   -4.85834971e-05  -4.10345092e-05]
 [ -1.47948917e-02   1.52716693e-03  -9.35723260e-03  -3.28454114e-02
    8.16727802e-03  -9.91378203e-02  -5.02004549e-02   7.88769964e-03
    3.81213836e-02   1.20860524e-02]
 [  1.30572263e-03  -1.85619202e-02  -2.33338755e-02  -1.77714005e-02
   -1.70403551e-02  -2.03354992e-02   1.27156721e-02  -2.83923559e-02
   -3.99227515e-02   5.62706124e-03]
 [  6.15788735e-02  -3.03521510e-02  -6.49800003e-02  -7.87233487e-02
   -8.74430593e-03   1.89393330e-02   2.15471778e-02   2.78159566e-02
   -4.98485416e-02  -5.38186878e-02]
 [ -5.95218651e-02  -1.03062531e-03   4.39635888e-02  -2.24218629e-02
   -4.24866788e-02  -3.15671749e-02   3.22280936e-02   1.09148854e-02
   -2.08469573e-02  -6.88602626e-02]
 [  5.82020963e-03  -3.43340598e-02   6.91127498e-03   7.85312988e-03
   -7.54799172e-02  -6.27345592e-03   3.00885402e-02  -4.16810177e-02
   -1.89313432e-03  -4.39619943e-02]
 [ -5.27985543e-02  -1.01828529e-02   6.13380969e-03  -4.25454937e-02
    3.90022509e-02  -1.41733820e-02  -4.18168586e-03  -2.77368296e-02
   -1.52456025e-02  -8.20933282e-02]
 [ -1.88550148e-02   7.60384947e-02  -5.58535457e-02  -7.77310580e-02
   -2.93448893e-03  -3.08811273e-02  -2.40483172e-02   9.15828347e-03
   -3.13901007e-02  -7.16966344e-03]
 [ -2.23423280e-02   6.98260358e-03   2.99775653e-04  -3.62020619e-02
   -1.63612049e-02   3.48781678e-03  -5.54449065e-03  -2.58243307e-02
   -2.06475444e-02   4.90607601e-03]
 [ -4.57135327e-02  -2.76076626e-02   8.37841257e-03  -4.84308302e-02
    5.47611639e-02  -3.36934328e-02   3.66523601e-02  -4.51189242e-02
   -4.57817242e-02  -8.43797028e-02]
 [ -4.00205627e-02   4.39036191e-02  -5.17639257e-02  -1.38880908e-02
   -3.18039805e-02   1.22404201e-02   2.53075883e-02  -5.76385595e-02
   -2.39491668e-02  -3.33367311e-03]
 [  2.72560641e-02  -2.83431243e-02   1.96427684e-02  -2.20644325e-02
   -7.57467449e-02  -3.49411368e-02  -4.71569635e-02   5.95176890e-02
   -7.95930177e-02  -2.98080444e-02]
 [ -1.42451841e-03   3.63990180e-02  -5.69967702e-02  -9.09805819e-02
   -4.61301534e-03  -1.23454323e-02   9.42338351e-03  -4.14566100e-02
    4.59500700e-02  -3.92559841e-02]
 [ -2.54526716e-02  -1.02297422e-02   1.54136028e-02   9.53606144e-03
   -9.58632529e-02  -1.02431991e-03   3.65901627e-02  -5.37502691e-02
    2.48689507e-03  -5.89673556e-02]
 [  3.83110158e-02  -3.91839370e-02   9.42818169e-03  -4.20301929e-02
   -2.73816753e-02  -5.78362010e-02  -3.95123772e-02  -9.67603177e-04
   -1.31833469e-02   7.80817471e-04]
 [ -4.90597598e-02  -2.23014001e-02  -1.11959331e-01   9.45473388e-02
   -9.90160331e-02   1.23979628e-01  -5.76502420e-02  -1.71705484e-02
   -4.20453735e-02   3.10264956e-02]
 [ -3.37002389e-02   2.45355815e-02  -4.54641040e-03  -7.85523877e-02
    4.22213338e-02  -2.41098814e-02   1.55936684e-02  -2.46532131e-02
   -1.30557995e-02  -7.55425319e-02]
 [ -2.14642454e-02   6.37959689e-03  -4.42985147e-02  -5.30233271e-02
   -8.55250342e-04   1.79738309e-02  -2.99884323e-02   5.93728560e-04
   -2.67674439e-02  -4.14327672e-03]
 [ -4.12625857e-02   5.86392656e-02   4.15489711e-02  -4.29584943e-02
   -2.76906304e-02  -1.33432085e-02  -2.55085398e-02  -7.04371743e-03
   -4.07132655e-02  -5.22955544e-02]
 [ -2.29178159e-03  -4.49699238e-02  -5.11102341e-02  -8.89222026e-02
    3.50486599e-02  -3.13175580e-04   2.08399110e-02  -1.35717308e-02
   -3.31461355e-02   1.46331666e-02]
 [  1.53299588e-05  -2.44033345e-05   4.77923368e-06  -5.34666069e-05
   -2.97063161e-06   1.22989900e-06  -2.92088007e-05   2.06152108e-05
   -3.26029149e-05   3.67911161e-06]
 [ -5.11642396e-02  -3.91703881e-02   1.35852373e-03   2.03684010e-02
   -4.67106514e-02   3.50147560e-02  -2.37954538e-02  -7.73156583e-02
    2.02221200e-02   9.53030121e-03]
 [ -7.20896125e-02  -1.33569222e-02  -3.35166231e-02  -4.26229164e-02
    1.87160671e-02  -6.56327754e-02  -1.11695163e-01   3.06409001e-02
    6.08165516e-04   6.65999949e-02]
 [ -4.36555911e-06  -4.20046963e-05  -1.61750995e-05   7.20889511e-06
    1.78824575e-05  -5.20984258e-06  -1.22832871e-05   2.22609324e-05
   -1.38031792e-05   3.90836067e-06]
 [ -3.56222391e-02   5.01212478e-02  -3.50865796e-02  -8.15565810e-02
    1.62722189e-02   9.62674676e-04   7.26126926e-03  -1.77485049e-02
   -6.99509010e-02  -3.60177718e-02]
 [ -8.13355818e-02   5.45080528e-02  -5.62020531e-03   7.16978982e-02
   -6.42023757e-02  -6.52952194e-02  -1.02886647e-01   1.72433760e-02
    7.97670521e-03  -1.53588224e-03]
 [ -3.91255245e-02  -1.53802400e-02   9.56706889e-03   9.79068596e-03
   -9.03981179e-02   4.31564450e-03   3.29597443e-02  -5.34399040e-02
    2.32390258e-02  -6.38652146e-02]]
W3=[[  8.35234392e-03   3.48347053e-02  -1.52178819e-03 ...,   4.82901745e-03
   -4.11281250e-02   1.62163358e-02]
 [ -6.03711987e-06  -5.10189830e-06  -5.69199392e-06 ...,   5.22947312e-06
   -5.81974791e-06   2.45853716e-05]
 [  2.44497973e-02   1.69787701e-04  -2.10554665e-03 ...,  -7.71531044e-03
   -2.97672581e-02  -9.15029738e-03]
 ..., 
 [  5.46941254e-03  -1.52344201e-02   4.92373407e-02 ...,   1.33608915e-02
   -2.28855927e-02   8.76745861e-03]
 [  5.07016154e-03   3.30607481e-02  -1.21887559e-02 ...,   5.91514073e-02
    1.68293174e-02  -2.75476445e-02]
 [  1.47413397e-02  -2.06477940e-02   1.56287774e-02 ...,   6.98947348e-03
   -2.68577337e-02  -2.81372555e-02]]
b1=[ -1.01679936e-01  -1.10962257e-01  -4.12905647e-05  -5.24500720e-02
  -6.87785372e-02  -6.59189075e-02]
b2=[ -1.14962785e-02  -7.14623275e-06  -2.29836768e-03  -4.37031360e-03
  -2.40654801e-03  -1.61570933e-04  -7.33164372e-03  -5.66920862e-05
  -8.77605271e-06  -2.10776506e-03  -4.13787644e-03  -9.26820934e-03
   7.13632954e-03  -2.78845103e-03  -6.29838137e-03  -1.48285402e-03
  -1.02513784e-03  -4.81295446e-03   1.40098389e-03  -3.41871521e-03
  -2.06561480e-03  -9.91927180e-03  -5.05024288e-03  -1.69949140e-02
  -5.87906507e-05  -6.92536170e-03  -4.53406200e-03   3.21927411e-03
  -5.65894041e-03   4.66218218e-04   7.21700210e-03  -8.94660316e-03
  -7.81597011e-03  -2.92344805e-04  -2.37977016e-03  -9.37185541e-05
  -5.11840079e-03  -6.93118345e-05  -8.34269077e-03   4.97790868e-04
   7.72518688e-04  -5.70199592e-03  -8.09885387e-06  -1.34197692e-03
   8.31570709e-04   5.33335493e-04   5.44496637e-04  -3.96095263e-03
  -9.03083477e-03  -2.98999494e-05  -3.36777954e-03  -7.63036823e-03
   1.65597082e-03   2.41217064e-03  -3.47639574e-03  -1.88763142e-02
   6.66840980e-03  -9.54414625e-03  -1.23175923e-02  -1.99093553e-03
  -5.11476712e-04   2.72164028e-03  -1.22627178e-02  -2.03786488e-03
   1.73247396e-03   2.39313627e-03  -1.57677550e-02   1.85244426e-03
   9.59851500e-03  -2.61301873e-03  -1.80499256e-02  -8.78845633e-04
  -8.07808433e-03  -4.47759544e-03   1.02725960e-02   5.42197423e-03
   3.93700058e-04  -9.94523615e-03  -1.80342374e-03   9.39262507e-04
  -7.89680332e-03  -6.37110928e-03  -5.44808619e-03  -4.43596145e-05
   4.40667104e-03   6.66098017e-03  -1.27939954e-02   2.94535374e-03
  -1.42974648e-04   2.11574882e-03  -8.07360164e-04  -1.41573614e-02
   4.48512007e-03   1.30342338e-02   3.29791219e-03   7.11783767e-04
  -2.24509386e-05   1.47304754e-03  -1.16312122e-02  -4.15033428e-03
  -1.33163594e-05   3.54137551e-03  -8.42071045e-03  -1.95628079e-03
  -1.44177210e-02  -2.36703432e-03  -4.27318446e-05  -6.28843904e-03
  -1.04205357e-02   1.03908665e-02   6.83776976e-04  -5.53760258e-03
  -6.71661831e-03   4.96004894e-03  -9.87861858e-05   3.82209284e-04
  -5.63649368e-03  -9.26758535e-03   9.38314665e-03   8.11903810e-05]
b3=[  1.75429657e-02   7.99699314e-03  -3.97600187e-03  -4.14080219e-03
   2.11862363e-02  -1.16941531e-03   1.79959293e-02   1.54467709e-02
   8.56434088e-03  -5.07033219e-05  -3.08106118e-03   2.67872196e-02
   4.12709499e-03  -1.82434474e-03   2.16076486e-02   1.60566699e-02
  -2.51878821e-03  -7.52751308e-04   2.36629247e-04   9.26336553e-03
  -7.14200723e-04   4.75971494e-04  -9.26874857e-03   1.41781066e-02
   2.75847665e-03   8.99606943e-03  -9.04530752e-04   3.00103123e-03
   1.53844645e-02  -1.28379709e-03   1.97516922e-02   1.68680865e-02
  -2.05037091e-03   2.21031420e-02  -1.22846803e-04   1.25158476e-02
   8.21018685e-03   1.72617082e-02   2.62714531e-02   1.15018021e-02
   6.07533264e-04   9.56099422e-04   1.41639262e-03   1.32466462e-02
   1.53629594e-02  -7.82612432e-03   5.36670210e-03   4.81682946e-04
  -1.30437035e-02   1.77556518e-02  -1.04346853e-02  -8.60860688e-04
   4.86689340e-03  -9.37349256e-03   6.87090494e-03   1.12820650e-02
  -1.62565045e-03  -2.81794113e-04   5.84813440e-03  -6.37341430e-03
  -1.01798009e-02   1.85809517e-03  -2.04055250e-04   2.26568221e-03
   1.40332466e-03   1.46603538e-03  -6.41401391e-03   2.00994331e-02
   2.95752985e-03   3.11499694e-03   2.70399172e-03  -1.55405430e-02
   3.97109464e-02  -2.96690711e-03   5.22479042e-03   1.51216853e-02
   2.57381849e-04  -5.79906686e-04   1.01155331e-02   3.21970023e-02
  -1.56106005e-04   1.55947413e-02   2.41595171e-02   1.19378569e-03]
W2=[[ -1.15439525e-05  -2.58423097e-06   1.85376011e-05 ...,  -3.47348248e-07
   -7.86455166e-06   8.98273938e-05]
 [ -1.77512207e-04  -2.48896777e-06   3.72333860e-04 ...,   6.09400973e-04
    3.24554458e-05  -5.68222080e-04]
 [ -5.60509325e-05  -6.67618167e-07   4.99349087e-04 ...,   1.78701174e-03
   -1.10736037e-05  -1.23476260e-03]
 ..., 
 [ -1.78853414e-04  -9.95772552e-06   3.15340445e-03 ...,   7.01735553e-04
    1.51175234e-04  -8.43639136e-05]
 [ -6.50340080e-05  -2.49125987e-05   6.49457739e-04 ...,   2.53797014e-04
    5.73458510e-06   1.95620160e-05]
 [  1.53867870e-06  -1.80057887e-05   2.76441210e-06 ...,   1.75270463e-06
   -8.26186806e-06  -2.26073826e-06]]
