W1=[[[[ -8.16240205e-05  -3.63525578e-03  -9.28474727e-02  -1.14725949e-01
     -8.02299199e-02]
   [  7.60733282e-03   8.29045143e-02   7.11307829e-02   5.75527613e-03
     -5.30631651e-02]
   [ -3.38386101e-02   3.29231013e-02   6.67192361e-02   6.32522923e-02
     -9.35226040e-03]
   [ -5.18039195e-02  -1.35338540e-02  -9.91797791e-03   2.25418341e-02
     -3.40930281e-03]
   [ -4.58956206e-02   4.04235874e-04  -1.47848597e-02   1.36441291e-02
      3.40455965e-03]]]


 [[[ -4.14172113e-02  -1.01290216e-01  -7.31067139e-02  -2.56128070e-02
     -6.68128255e-03]
   [ -1.06116879e-01  -9.63923228e-02  -3.03790565e-02   4.87028974e-02
      5.22393537e-02]
   [ -7.55779056e-02  -4.53790767e-02  -4.99554479e-03   7.18553851e-02
      5.40881886e-02]
   [ -1.04449461e-01  -2.95956750e-02   4.49455213e-02   6.35182597e-02
      2.41955837e-02]
   [ -1.03976066e-01  -2.99295729e-02   1.41185109e-02   3.58646547e-02
     -5.63630745e-03]]]


 [[[ -1.08482286e-01  -1.15937462e-01  -4.23976727e-02  -5.10690141e-03
     -1.30358162e-02]
   [ -1.38467727e-01   2.17170433e-02   7.75418935e-02   3.77125886e-02
     -9.46512235e-03]
   [  1.73383698e-02   1.25114705e-01   4.93870406e-02  -3.43769523e-02
     -2.15823359e-02]
   [  6.27693173e-02   1.77345676e-02  -8.35575261e-02  -5.81925662e-02
      4.63080892e-03]
   [ -1.73069347e-02  -4.98836821e-02  -2.97197858e-02   1.06628680e-02
      2.07366900e-02]]]


 [[[ -4.18792321e-03   1.30549512e-03  -3.59240367e-02  -6.37759749e-02
     -7.49637686e-02]
   [ -1.48870076e-02   3.03972277e-02   3.88938516e-02  -3.12963047e-03
     -8.73282222e-02]
   [ -1.53070953e-02   2.42060662e-02   5.56152317e-02   6.26340123e-02
     -5.08044186e-02]
   [ -2.94685423e-02  -3.04537416e-02   1.51435836e-02   6.04936065e-02
     -1.92869430e-03]
   [ -8.91501201e-02  -5.97847792e-02  -4.26870637e-02   3.88301083e-03
      1.78395040e-03]]]


 [[[ -6.54364953e-03   4.86246942e-02   4.52700767e-02  -5.14320699e-02
     -9.25918174e-02]
   [  1.66059553e-02   6.63823769e-02   3.33624975e-02  -5.71677685e-02
     -8.85547706e-02]
   [  2.06626684e-02   7.64577412e-02   1.13841553e-02  -7.33379587e-02
     -8.36364348e-02]
   [  1.58979647e-03   6.83877994e-02  -2.60932219e-02  -5.62138112e-02
     -2.51157867e-02]
   [ -6.90292093e-03   3.43174796e-02  -4.55978841e-02  -6.38110062e-02
      1.24698104e-04]]]


 [[[ -1.49181635e-02  -6.51773022e-02  -5.25331719e-02  -3.88002224e-02
      8.52124719e-03]
   [  5.55927274e-02   5.57293897e-02   5.87550108e-02   5.88559816e-02
      8.20423733e-02]
   [  2.70053816e-02   7.46775844e-02   7.20310119e-02   6.56407031e-02
      1.88592842e-02]
   [ -8.69123584e-02   2.21606485e-02   7.67776483e-02   1.81733306e-02
     -7.38429324e-02]
   [ -2.43810043e-01  -2.56038117e-01  -2.33858377e-01  -1.56156585e-01
     -1.10206435e-01]]]]
b4=[-0.02065596  0.00130557 -0.01952042 -0.01321152  0.01279749  0.01406785
 -0.0137296   0.00699821  0.00131185  0.0286215 ]
W4=[[  7.39494013e-03  -1.13224888e-02  -1.85401274e-02   1.34341746e-02
    4.79098635e-03   7.80639938e-03   5.78503311e-03  -6.39497853e-03
   -3.10234129e-03  -2.89298033e-03]
 [ -6.19237929e-02   2.23204359e-02  -3.98940976e-03   3.26823985e-02
   -2.93850421e-02   1.62113835e-02  -4.21802238e-02   1.42095463e-02
    4.49447089e-03  -4.35976203e-02]
 [  1.43707665e-02  -7.34485527e-02   1.94453162e-03   2.31100983e-02
   -9.37415016e-02   2.56442528e-02  -5.00179585e-04  -8.29668040e-02
    2.40812877e-02  -2.41555094e-02]
 [  6.30433415e-03  -1.60418068e-03   6.17527870e-04  -7.02461395e-03
   -2.90429563e-03  -3.64938161e-03   5.21577943e-03   6.08255931e-03
    4.14090216e-04  -1.63641861e-02]
 [  3.05994202e-02  -5.29838726e-03   5.88858800e-02  -1.12959231e-02
    1.39760759e-02   1.82146293e-02  -2.67121271e-02  -8.11801974e-02
   -7.58846296e-02  -9.49119219e-03]
 [ -4.84678828e-02   5.11408102e-02   1.82910483e-02  -1.55639585e-02
   -5.43156911e-02  -7.30887143e-03  -1.94363240e-03  -2.44389336e-02
    2.24304002e-02  -7.14893949e-02]
 [ -3.08147289e-02  -4.66274047e-02  -1.90639672e-02  -1.85366155e-02
    3.01309727e-02   2.19630941e-02   1.94072585e-02  -8.64289570e-02
    2.96228534e-02   6.25443334e-03]
 [  7.20678861e-03  -2.85945416e-02  -2.06226480e-03   2.35567568e-03
   -4.29762708e-02  -6.97346346e-02   5.94297842e-02  -7.58448593e-03
   -2.35820685e-02  -8.07441241e-02]
 [  3.92050980e-02   1.01681243e-02  -4.20844232e-02  -6.13118506e-02
   -8.15375246e-02   1.97975233e-02   2.06372524e-02  -7.36479748e-02
    2.19910500e-02   6.60092748e-03]
 [ -7.22048770e-02  -3.18112977e-02   1.20816939e-02  -6.22209684e-02
    6.46217145e-02  -2.02807636e-02  -5.50218698e-02  -1.45838708e-02
   -8.59988526e-02   8.35495514e-02]
 [ -1.78512373e-02  -4.82515815e-02  -1.15916091e-02  -9.06983102e-03
    1.58431813e-02   3.48841695e-02  -1.71039333e-02  -5.44601843e-02
   -6.38293764e-03   5.23664962e-02]
 [  2.05451632e-02  -6.40909515e-02   3.92384020e-02  -1.96303548e-02
    2.04132038e-02   1.65447665e-02  -5.30111235e-02   5.06569731e-02
   -5.31357244e-02  -8.13231534e-02]
 [ -4.75729307e-03  -1.79993680e-02   2.13949965e-02   2.03296544e-02
   -5.11570496e-03  -1.72871237e-02   1.26867024e-02   6.86257265e-03
   -4.23142705e-03   2.71885524e-03]
 [  8.31013338e-06  -2.55521168e-90  -4.10956991e-27   4.37693706e-40
    5.85945462e-15  -1.24348424e-06  -6.91148562e-07   7.80040835e-92
   -6.21118324e-49  -9.07334625e-95]
 [ -5.87439240e-02   2.86469580e-02   1.26459189e-03  -1.25317554e-02
   -1.20303296e-03  -8.50117931e-02  -8.01187315e-02   4.29658110e-02
   -6.87891119e-03   2.41046758e-02]
 [ -1.36444122e-02  -6.07955412e-02  -2.09707908e-02  -1.52798378e-02
    1.19843642e-02   3.26474837e-02   1.79764421e-03  -4.01588873e-02
    1.02809726e-02   4.12854866e-02]
 [  4.68301557e-03  -5.53545180e-02   2.56451002e-02   4.50816960e-02
   -6.14871268e-02   9.31320649e-03  -4.89497449e-02   1.71981358e-02
   -6.25035217e-02  -1.07898918e-02]
 [ -3.45190829e-03  -5.33115392e-03   6.28145259e-04   1.36375720e-02
   -1.47194576e-02   5.09244970e-03   3.01815659e-04   4.64938162e-03
   -1.07329216e-03   5.47566540e-04]
 [  2.43859605e-02  -9.14161716e-03  -1.15937154e-02   1.79219703e-02
    5.31628040e-03  -2.76227317e-02   2.80701733e-02  -3.33055469e-02
   -4.43424294e-02  -2.52824353e-02]
 [  8.75666426e-03  -9.71479549e-03  -4.21497182e-02   6.59395349e-03
    1.40379354e-02   2.01287212e-02   4.36042890e-03   7.83627848e-04
    6.96642481e-03  -1.09089818e-02]
 [  1.60322621e-02  -2.25133395e-02  -2.53878964e-02  -2.94925633e-02
    2.00073118e-02  -5.59250420e-03   2.14768833e-03   1.61937288e-02
    6.88007428e-03   8.55597263e-03]
 [  1.40855284e-03   3.97841090e-04  -3.40303492e-03  -2.63989259e-03
    8.05804087e-04  -3.61284993e-03   2.51924100e-03  -4.13963117e-05
    3.51666001e-04   2.99579839e-04]
 [  1.54614364e-03  -2.60387427e-13  -2.21957012e-04   9.43820752e-05
   -7.88665758e-09  -2.62633311e-05   3.34819420e-04  -8.82592443e-11
   -9.50272511e-06  -2.93567554e-08]
 [ -2.17317151e-02  -4.96940645e-02  -2.16650097e-02   1.76128764e-03
    2.39638959e-02   1.97751424e-02   7.17983364e-03   1.85879127e-02
    1.52541873e-02  -3.84897881e-02]
 [  1.53919487e-03  -1.09945293e-06  -4.70397438e-03  -2.68823206e-03
    2.58494076e-03  -8.13922228e-04   3.71755549e-03  -5.66525613e-06
   -1.60818516e-03  -1.19525463e-03]
 [ -7.21092877e-14  -5.96747358e-46  -1.28063492e-33   4.04612956e-32
   -1.29690612e-45  -3.00422863e-05   3.37698996e-17   5.92691606e-07
    5.51012733e-05   2.05146814e-05]
 [  1.84134346e-02   8.69599876e-03  -1.88878813e-02   9.00368233e-03
   -1.85082307e-02   4.09065387e-03   4.46251729e-03  -2.21564403e-03
   -2.14685750e-02  -2.25243750e-03]
 [ -6.12757772e-03  -1.38358606e-05   2.47672167e-03  -3.24768803e-04
    7.80404937e-04  -2.67705761e-03   3.32032090e-03   4.41632972e-03
   -9.69209671e-04   1.28502830e-03]
 [  3.86742186e-02  -9.22521125e-02  -7.53960122e-04  -5.16280144e-02
   -8.18978162e-02   2.20689531e-02   2.98856595e-02   2.03803699e-02
   -2.18026626e-02  -5.51835249e-03]
 [ -8.89218958e-03   2.83685130e-02  -6.40261177e-02  -1.81781707e-02
   -6.70684101e-03   2.68518841e-02  -3.77127842e-02  -7.94549613e-04
    2.41218261e-02   2.36564819e-02]
 [ -1.59572377e-02   5.35473812e-02   3.12568852e-02   4.74481182e-02
   -1.87951312e-03  -9.79021021e-02  -1.04653254e-01   2.02924467e-02
   -5.93452944e-02  -1.19854270e-01]
 [  7.27043721e-06  -1.49503860e-12   2.95697097e-05  -3.83644484e-21
    3.68430949e-11  -6.02040214e-13   1.50278306e-14  -5.43207955e-15
   -7.71599459e-09   8.95611271e-13]
 [ -2.66671228e-03  -6.93290602e-03  -2.02655191e-03  -3.59497285e-03
   -2.29069177e-03  -9.59778811e-04   6.52620425e-03   1.55302611e-03
    6.75196762e-03  -2.21957140e-03]
 [  2.90844485e-02  -7.18701343e-02   3.42836389e-02  -4.21681658e-02
   -4.17469720e-03  -4.27608919e-02  -2.31979662e-02  -2.05676161e-02
    5.66074814e-02  -6.10127668e-02]
 [  3.28576209e-05  -6.66994250e-06   2.38933894e-03  -3.83154200e-04
    4.88194803e-05   1.19657646e-03  -3.20223865e-05  -1.69331266e-03
   -2.37168420e-04  -5.21918614e-04]
 [ -3.78758168e-02   2.12419281e-02   1.57164945e-02   1.75684160e-02
   -8.85518045e-02  -2.48232137e-02  -7.88421726e-02   5.61235818e-02
   -1.70838369e-02  -1.54602922e-02]
 [  1.09230060e-02  -2.76305128e-03  -1.15388829e-02  -2.28692605e-03
    3.47659213e-02  -1.22510329e-02  -1.26614833e-02   3.15317895e-04
   -9.62391656e-03   2.05398637e-02]
 [  1.23259784e-10  -6.68672671e-49   7.84347669e-10  -1.23029614e-16
    4.53641437e-40  -2.22724849e-33  -6.84720791e-11  -4.03508262e-49
   -1.08868115e-10   9.88395141e-18]
 [ -2.69903904e-02  -4.66053035e-02  -3.01047957e-02  -1.03849734e-02
    1.74980062e-02   1.96380151e-02   2.45561465e-02  -6.89390816e-02
    3.67085493e-02  -1.57286366e-03]
 [  2.27673018e-02  -5.11428297e-02  -1.19131038e-02  -7.62202360e-03
    2.31448693e-03   1.76435040e-02  -2.49995606e-02  -1.03118166e-01
   -3.91177407e-02   6.05165907e-02]
 [  2.28642713e-10   1.23302278e-11   2.15721396e-08   4.80772836e-10
   -3.28354075e-08   2.43122071e-10   1.18220740e-08  -1.53364198e-07
   -1.06268699e-09   4.08360571e-08]
 [  2.93732616e-02   3.41633827e-02  -3.48706773e-03  -4.46508932e-02
    5.42463222e-02  -3.85543605e-02   2.25460201e-02  -1.00455485e-01
   -2.85456981e-02  -2.06875019e-02]
 [  8.53565461e-05   5.35766992e-05   4.57951162e-03  -6.18918292e-05
    4.93615252e-06   1.78718377e-03  -8.03412877e-06  -1.38045058e-04
   -1.38765479e-02   6.70928556e-04]
 [  7.97672436e-03   1.37265069e-03  -5.49108545e-03   6.50425248e-05
    4.41133146e-03  -2.97089746e-03   8.46442643e-04   1.26859472e-04
   -1.57435066e-03  -1.38755323e-02]
 [ -2.67029684e-02   7.45402095e-02   3.06215582e-02  -2.97480334e-02
   -4.21258882e-02  -1.47733112e-03  -2.57290276e-02  -2.55179406e-03
   -5.05785407e-02   2.79930467e-02]
 [ -3.17970979e-03   8.77526774e-04  -2.18182703e-02   4.42473239e-03
   -8.92268086e-03  -3.81977723e-03   1.85226639e-02  -3.06884741e-02
    1.56001352e-02   7.21107643e-03]
 [ -1.07623019e-02   7.32284244e-02   2.88803562e-02  -3.26042738e-02
   -3.05692451e-02  -5.71573647e-03  -3.12285833e-02  -6.54960701e-04
   -7.30582653e-02  -2.20860565e-02]
 [  7.25661521e-04  -5.96430058e-03  -5.45360713e-03  -5.78044511e-03
    1.71453163e-02   1.18020371e-02  -5.33784698e-03  -2.02248107e-03
    7.52698880e-03   5.84133777e-03]
 [  3.40748407e-02  -5.96279973e-02  -5.58836530e-02   8.56600078e-03
   -3.23636069e-02  -5.44339555e-02   4.95830082e-02   3.97091252e-02
   -7.41373118e-02  -8.48289211e-03]
 [ -1.55885910e-38  -3.54889650e-39   1.81945200e-38  -6.40879004e-39
   -1.19229508e-37   3.41945868e-39   2.30182825e-37  -1.71705068e-39
    7.09539217e-39   7.60601000e-39]
 [ -3.61909879e-04  -3.60000112e-02  -1.15103754e-02   2.71200677e-02
   -4.45110854e-02   4.32004998e-02  -3.13034020e-02   2.76794643e-03
   -4.46103552e-02   1.30762021e-02]
 [  4.74477492e-02  -2.66305892e-02  -6.05059146e-02  -1.10298717e-02
   -1.02570599e-02  -5.72937222e-02   2.11502471e-02   1.33828547e-02
   -1.94310568e-02  -1.99492479e-02]
 [  1.22198872e-02   2.55744236e-02   2.88150509e-02  -5.10330590e-03
   -2.86882884e-02  -1.06976280e-01  -1.52521988e-01   2.89110496e-02
    2.14632066e-03   2.33005267e-02]
 [ -9.39209583e-02  -7.74585820e-02  -4.23983826e-03  -6.23032548e-02
    1.87395411e-02  -6.70765601e-03   6.98284408e-02   3.41923044e-02
   -2.92065084e-02  -7.86751309e-02]
 [ -2.10231223e-02  -4.08075082e-02  -3.77375948e-02  -2.27060097e-02
    9.07553193e-03   3.75396121e-02   1.95609224e-02  -6.58513671e-02
    2.96611517e-02   2.02815568e-02]
 [ -7.12241185e-02   1.71501188e-02   9.55619285e-03  -1.24380164e-02
    1.19069053e-02  -1.10920290e-01  -1.43335856e-01   3.60147674e-02
    1.26993272e-02   3.70960403e-02]
 [  8.86378733e-03  -1.54129351e-02  -9.61527283e-03   7.02191429e-03
    2.93964141e-02   1.50090547e-02  -1.85543539e-02  -2.71837627e-02
   -2.33788195e-02   2.84808595e-02]
 [ -3.32957295e-02  -7.42705477e-02  -1.77534237e-02   1.43083916e-02
   -1.50180267e-02   2.96833151e-02   1.32365723e-02  -5.85288375e-02
    1.37673874e-02   2.13133631e-02]
 [  5.33303427e-02  -1.22841891e-01   2.95148987e-03  -3.12218567e-02
   -7.69566951e-02   4.05726712e-02  -1.90783319e-02   4.15844071e-02
   -4.68383202e-02  -1.56318635e-02]
 [ -8.60665488e-02  -1.01190731e-02  -5.40679694e-02   2.36684259e-02
    3.68729265e-03   1.62229661e-02  -8.01013633e-02   3.82546067e-02
    8.91823242e-04   4.23816638e-02]
 [ -9.65670838e-02  -8.67484068e-04  -6.51072831e-02   4.29736875e-02
   -4.93719174e-02   5.34192991e-02   1.98710969e-02  -1.02713732e-01
    3.28898951e-03  -2.70517579e-03]
 [ -4.42603334e-03  -6.36983857e-02   1.99127590e-02   3.41757568e-02
   -5.17323145e-02  -1.72927846e-02  -1.36804648e-02  -6.00551479e-02
    2.51751269e-02  -3.44120240e-02]
 [ -2.64779872e-03  -5.36749885e-02   4.65670914e-02  -2.94393840e-02
    6.25131569e-03   1.38697624e-02   4.17685930e-02  -7.48902586e-02
   -9.07948145e-02  -7.88954532e-03]
 [ -2.24460932e-02  -4.82843221e-02   4.90828105e-03   1.52189409e-02
   -3.75122207e-02   2.62968117e-02   4.34265924e-03  -8.34093629e-02
    7.24190594e-03   2.34143413e-02]
 [  1.50146762e-02  -1.14331961e-02  -1.75694882e-02   1.36458725e-02
    1.41154068e-02  -8.20894383e-03  -3.39496155e-03  -3.61385629e-03
   -8.04142125e-03   5.27065921e-03]
 [ -2.80409336e-02   2.99448656e-02   5.49014678e-03   3.24818187e-02
   -1.03094157e-01  -1.62991563e-02   8.03432135e-03  -5.19031481e-02
    3.28207872e-02  -1.06891261e-01]
 [  2.66932832e-02  -3.67833405e-02   3.19954268e-02  -4.49395938e-02
    1.43873231e-02  -5.15803297e-02   9.35481095e-03  -7.71400073e-02
    1.39997988e-02  -1.54853378e-02]
 [  6.70890398e-02  -4.13051748e-02  -3.64975828e-02  -8.05777205e-03
    6.16378770e-03  -4.58657231e-04  -3.73379663e-02  -3.44210038e-02
   -3.27053373e-02   2.71442697e-02]
 [ -2.42030367e-02  -2.53863598e-02  -3.04752803e-02   5.50461940e-02
   -4.53667579e-02   5.76257383e-02  -7.51870037e-02  -8.33249527e-02
   -3.28811620e-02   3.20882102e-02]
 [ -1.34292391e-02  -2.71746279e-02  -3.45360880e-02   3.04207261e-02
   -8.93190330e-03   5.93538497e-03  -4.70891599e-02  -4.74097472e-03
    4.07424482e-03  -3.14654910e-02]
 [ -2.21547054e-02  -5.13832701e-02   4.74110957e-03  -2.77263813e-02
    1.36397860e-02   5.47145070e-03  -6.33704919e-03   3.89069773e-04
   -1.86528812e-02   3.42746510e-03]
 [  1.91196572e-03   5.28301253e-04   6.59207041e-03  -1.16812640e-02
    6.06715808e-03   3.24251322e-03  -2.22845750e-03  -5.51876708e-04
   -2.03297883e-03   4.74589467e-03]
 [  1.66754209e-02  -6.39377015e-02   1.57995475e-02  -5.82928613e-02
   -7.05855494e-04  -5.60160416e-02   8.54410076e-03  -2.99122014e-02
    7.05211300e-02  -5.50256845e-02]
 [  8.46997597e-03   1.56430943e-02  -4.14594678e-02  -1.06936877e-02
    8.27735602e-02  -6.53206104e-03   3.32338975e-02   4.43649367e-02
   -8.56376928e-02  -1.14411642e-01]
 [ -2.01798422e-02   7.78268091e-02   3.92151384e-02  -4.11846466e-02
   -3.91461307e-02  -3.93126426e-03  -5.49858745e-02   2.46360945e-02
   -1.03154808e-01  -2.98610242e-02]
 [ -2.28257369e-02  -8.99111070e-02   7.38641436e-02  -7.89806750e-02
    4.11251527e-02  -3.13198834e-02  -1.87268036e-02   2.88968722e-02
   -3.99132385e-02  -3.36142765e-02]
 [ -3.48022546e-02  -3.66119204e-02  -4.56505863e-02   1.81149929e-02
   -2.33433900e-02   4.07244053e-02   1.36244017e-02  -3.88187935e-02
    1.13833968e-02   4.37325086e-03]
 [  2.11989050e-02   7.72477006e-02  -6.97892941e-02  -1.22661317e-01
    9.34625913e-03   6.66639396e-03   1.92430945e-02  -5.72153246e-02
    2.50400756e-02  -1.97339633e-02]
 [ -2.51053907e-02  -2.93554613e-02  -2.53296238e-03   2.60706845e-02
   -1.05695615e-01   3.11777055e-03   1.79162578e-02   2.56132685e-02
    9.71666313e-03  -6.01276217e-02]
 [ -1.45947785e-02  -6.37588991e-02   3.10169109e-02  -3.06042078e-02
    4.37283066e-02   1.43141058e-02   2.29768658e-02  -1.19338055e-01
   -1.02200313e-02   5.18141656e-03]
 [ -7.01583248e-03   2.44318120e-02   1.99949524e-03  -7.25049870e-03
    6.28650779e-04   1.34678682e-02  -1.11455098e-02   1.19626074e-02
   -9.94521345e-03  -1.33242253e-02]
 [ -1.12123974e-01  -4.30305345e-02  -5.23263242e-02  -1.85519629e-03
    2.89041783e-02  -4.74276694e-02  -1.46691067e-01   5.82707784e-02
    2.06263024e-02   5.40460770e-02]
 [ -4.90134577e-16   8.20484087e-07  -5.84721226e-05   1.73785893e-12
   -3.14927161e-83   7.50338091e-52   1.45125007e-07   1.85196613e-49
    1.56697334e-28   5.65206480e-84]
 [ -6.48410999e-90  -4.02821066e-44  -1.22583649e-80   5.29743322e-72
   -3.28550856e-34  -5.93216533e-93  -9.45044783e-91  -4.92497200e-18
   -2.11994158e-58   4.33573557e-14]]
W3=[[  7.18893663e-62   1.04277325e-03   2.21950718e-04 ...,  -2.67570754e-03
   -1.12822364e-14  -2.80362621e-16]
 [ -2.55575789e-02   2.54808957e-02   6.95655712e-02 ...,  -9.73013788e-02
    7.11524851e-76  -5.27285830e-94]
 [ -2.19065321e-04   2.05567344e-02   6.19968505e-02 ...,  -8.22851736e-04
    1.32015201e-46  -2.93201745e-92]
 ..., 
 [  1.20675481e-05   9.08473434e-06   6.91044957e-06 ...,  -1.67084225e-04
   -2.23292573e-74  -5.08137790e-95]
 [ -8.78280595e-03   1.55515014e-02  -2.21289707e-02 ...,   9.48471719e-03
    2.19685469e-68   7.21444290e-86]
 [ -4.44686377e-05   1.35434339e-03  -5.36351499e-02 ...,  -3.60212882e-02
    3.13553772e-80  -2.22520632e-96]]
b1=[-0.40280608 -0.31180918 -0.3053592  -0.37565802 -0.23179898 -0.00072472]
b2=[ -5.90717413e-02   3.27130172e-02  -2.00737426e-03  -2.50279890e-02
  -1.39530638e-02  -4.34087379e-02  -3.08908738e-02  -5.23439146e-02
  -4.38774708e-02  -6.05190270e-02  -3.32735341e-03  -4.01518376e-02
  -5.17515941e-02  -3.71084349e-02  -1.70120518e-02  -6.05430250e-02
  -2.32745806e-02  -8.68345973e-02  -2.86358182e-02  -2.91280589e-02
  -5.23517723e-02  -1.02112005e-02  -5.38071978e-02  -5.74990672e-02
  -4.90589953e-02  -3.27540723e-02  -9.72636014e-03  -2.00335619e-02
  -4.11269989e-02  -7.77726544e-03  -3.00641045e-02   1.69245141e-03
  -2.86219233e-02  -7.55086770e-03  -2.11087727e-02  -7.73391728e-03
  -1.49169257e-02   2.92137833e-03  -2.28619515e-02  -4.77102726e-02
  -5.63424676e-03  -5.15709649e-02  -2.35199102e-02   3.24266347e-02
   9.42228347e-03  -1.12242879e-02   7.45690332e-03  -1.87608908e-02
  -6.19937245e-03  -5.89638106e-02  -8.79285515e-03  -5.83987854e-02
  -1.67951904e-02  -1.40480381e-02  -2.02995018e-02   1.38802818e-02
  -5.78928589e-03  -4.05532930e-02   7.43048229e-03  -7.79995653e-02
  -6.88291606e-03  -3.75270416e-02  -1.10629432e-02  -4.67479713e-02
   3.74347410e-03  -3.38043938e-02  -1.66627469e-02  -1.03114592e-02
  -1.01909363e-02  -3.85804993e-02  -1.01704170e-02  -3.49557628e-04
  -2.85052592e-02  -1.06090011e-02  -4.73408597e-02  -2.29626991e-02
  -4.75324431e-02   1.62443244e-03  -6.83399840e-02  -1.57683832e-03
  -3.25815946e-02  -4.58978534e-02  -1.19940840e-02  -3.50479934e-02
  -2.03266506e-02  -5.62220730e-02  -1.00983596e-02  -9.85486395e-02
   1.77559903e-02  -1.28815821e-02  -1.23887997e-02   4.16871601e-02
  -4.43420376e-02  -1.71854613e-02  -5.54881744e-03   5.30059984e-03
  -4.91181120e-02  -1.35532343e-02  -4.12083987e-02  -1.05391981e-02
  -4.77106092e-02  -5.00287922e-02  -3.06560609e-02  -5.78299273e-03
  -1.12573764e-02  -2.15029184e-02  -4.58349759e-02   1.34612140e-02
  -5.15826988e-03  -2.16962843e-05  -6.23885023e-02  -4.54870755e-02
  -4.97825773e-02  -7.11181722e-02  -2.89057657e-02   3.15674835e-03
  -1.85551326e-03  -6.37117468e-03  -3.09585699e-02   8.14237044e-03]
b3=[-0.05397419 -0.01329021  0.02484085 -0.05774948  0.01525638 -0.00425459
  0.03412732  0.01197586  0.02031746  0.05896291  0.02417823  0.00104535
 -0.04853861 -0.01759364  0.06100266  0.0078602  -0.00166228 -0.02672084
 -0.01223525 -0.02969055 -0.03897735 -0.02332881 -0.01533051  0.02789784
 -0.03120075 -0.04931145 -0.04854474 -0.02346059  0.00484552 -0.06622964
  0.00407431 -0.01435025 -0.01933546  0.03053966 -0.06991892  0.00705148
 -0.06105358 -0.01160401  0.02676083 -0.03408558 -0.01784743 -0.00336536
 -0.06224495 -0.07266381 -0.03704393 -0.06712688 -0.04023723 -0.04543137
  0.03301887 -0.02686714 -0.00955506  0.00914342  0.0414765   0.02040757
  0.02604496  0.06216742 -0.02888544  0.02350934  0.00323523  0.01529129
 -0.00119519  0.02286516  0.02964826  0.01876244 -0.04208092  0.00380424
  0.01532354 -0.00994313  0.00652068 -0.06620587 -0.06284324 -0.01949811
  0.02348087 -0.01086312 -0.02039707  0.02304361  0.00873577  0.01516403
  0.00781735  0.02389955 -0.03638585  0.08597662 -0.01377652 -0.01240567]
W2=[[  6.89282119e-09  -3.49264513e-24   3.07494146e-78 ...,   1.69452956e-96
    1.66245163e-31   4.14571651e-96]
 [ -4.84879110e-05   2.59797355e-06   6.09820900e-09 ...,  -5.68591110e-96
    1.16325232e-06  -4.83638968e-08]
 [  1.50754406e-27   3.95768597e-03   3.26168361e-08 ...,   1.67360071e-96
   -7.59833906e-06  -2.80631657e-03]
 ..., 
 [  1.73211309e-26  -4.53532236e-03  -2.60103508e-03 ...,   2.65488241e-97
   -3.52229050e-06   6.39774936e-03]
 [ -3.22636737e-26  -2.25979786e-05  -1.15161820e-02 ...,  -3.41559852e-10
   -5.23565563e-07   5.00965929e-04]
 [ -1.64014685e-26   2.31664543e-06   1.34877257e-06 ...,   5.47568228e-08
    3.36771590e-07  -3.28690649e-06]]
