W1=[[[[-0.08386498 -0.03012519  0.02599648]
   [-0.07817348  0.01498569  0.04915669]
   [-0.08153544 -0.00998806  0.02237801]]]


 [[[-0.01786702 -0.0582212  -0.09093534]
   [ 0.04404369  0.05057307 -0.06048103]
   [-0.00126295  0.05342158 -0.00128705]]]


 [[[-0.00264519  0.0239544   0.01612481]
   [-0.01534856 -0.02438825 -0.04044546]
   [-0.03650422 -0.01736762 -0.00989105]]]


 [[[ 0.01514284  0.04044428 -0.00114951]
   [ 0.03761314  0.03005457 -0.0793125 ]
   [-0.08865813 -0.07904126 -0.02082549]]]


 [[[-0.02318651 -0.00293278 -0.00419426]
   [ 0.0057996   0.00227488 -0.00398071]
   [-0.0149133  -0.00399241 -0.00588548]]]


 [[[-0.00795653  0.03403335  0.05671265]
   [-0.06848816  0.00899588  0.04816255]
   [-0.07218016 -0.08005012 -0.10696216]]]


 [[[-0.02036472 -0.00368546 -0.00152377]
   [ 0.0050808   0.00397159 -0.01104665]
   [-0.01139309 -0.00373993 -0.01088681]]]]
W3=[[ -2.59336184e-02   2.88508463e-03  -5.61947997e-03 ...,  -1.42728733e-02
    1.21667528e-02  -8.00719211e-03]
 [  1.29987354e-02   1.07762835e-02   1.62161414e-02 ...,  -2.06309324e-02
   -1.09287797e-02  -1.83261119e-02]
 [  5.69762633e-40  -7.35896878e-37  -2.81989093e-36 ...,  -2.04105137e-38
    3.25264755e-40  -4.23400464e-40]
 ..., 
 [  1.14832882e-02  -2.14204609e-02   1.05042436e-02 ...,   1.73435726e-02
   -2.44954915e-03  -6.89227834e-03]
 [ -3.35171997e-02  -1.22843434e-02  -3.46333904e-02 ...,   1.33024540e-02
   -9.39756539e-03   2.11119830e-02]
 [ -3.75792355e-38  -3.93999436e-41  -1.78582231e-08 ...,  -1.50312237e-14
    1.70895168e-26   2.52799388e-04]]
W2=[[  1.04616553e-19   2.32191674e-26   1.35912425e-41 ...,  -3.38848761e-41
   -2.24407247e-41   4.35133250e-41]
 [  9.31175731e-41  -1.12984952e-06   4.30444855e-41 ...,  -2.97057788e-41
   -8.24489209e-12   3.76847530e-41]
 [  2.89373271e-23   5.87609618e-04  -1.69367656e-41 ...,   4.40803925e-17
    2.16530932e-24  -8.03219126e-42]
 ..., 
 [  1.63136790e-05   9.46014186e-24  -8.10982648e-41 ...,  -6.80602662e-17
    9.22796838e-06   4.31263096e-40]
 [ -1.17185087e-30  -3.80052082e-28  -2.38009173e-41 ...,   4.24128119e-22
    1.44369652e-08  -2.59055940e-39]
 [  1.60606097e-30  -1.13138465e-29   4.01679480e-41 ...,   1.47635224e-21
    1.14280688e-07  -2.77123510e-41]]
b2=[ -2.53638912e-02   2.40615461e-04  -7.14787863e-03  -2.02012214e-02
  -4.26985017e-03  -3.10209479e-02  -1.59053536e-02  -1.42039307e-02
  -2.18868337e-03  -2.54435603e-02  -2.43879846e-02  -3.65932557e-02
  -1.76791817e-02   1.00921540e-02   1.02826535e-02  -1.72233916e-02
  -2.63698098e-02  -1.08255122e-02  -2.17040183e-02  -1.29444727e-02
  -1.87211370e-02   2.51124742e-02  -3.48855841e-02  -1.33487783e-02
  -4.94669515e-02  -2.70160999e-02  -1.82160602e-02  -6.72224705e-03
  -9.65350529e-03   3.42624434e-03  -1.22706072e-02  -1.74406128e-02
  -5.52113269e-03  -1.69885114e-02  -3.45112535e-02  -6.77442360e-03
  -9.11675025e-03  -1.62474932e-02  -1.61777337e-02  -1.68611560e-02
  -2.21890266e-02  -1.40564950e-02  -2.00289006e-02   1.49530702e-02
  -1.55780088e-02   7.53037904e-03  -7.40329411e-03  -1.44572574e-02
  -1.57414002e-02  -5.18364203e-03   5.00611544e-04   2.43081299e-02
   3.39374091e-03  -7.67071457e-03  -5.67771964e-03  -1.01468639e-02
  -2.44036275e-02   5.72689360e-03  -1.13115818e-02  -1.25607928e-02
  -3.41511635e-02   1.31367046e-02  -1.50619959e-02  -1.69047007e-02
  -4.65484669e-02  -5.64517011e-03  -1.06410776e-02  -2.19912560e-02
   2.20951073e-02  -8.97772336e-03  -1.23134915e-02   1.63538671e-02
  -1.15661384e-02  -1.80434526e-03  -6.86644607e-03  -4.00177561e-03
   9.15925462e-04  -1.07671834e-02  -9.59254031e-03  -1.72920726e-02
  -3.25064127e-02   9.30428797e-03  -7.32216907e-03   2.45572512e-02
  -4.36570879e-02   1.41021567e-02  -1.55674468e-02  -7.29131883e-03
  -1.50139496e-02  -3.67710985e-02  -2.21773240e-02   4.85675129e-03
  -2.54651328e-02  -8.96663458e-03  -6.55643777e-03  -1.09228657e-02
   2.76917837e-02   1.77086711e-02  -1.24159667e-02  -2.48773190e-02
  -2.46020477e-02   1.31815107e-02  -3.23226798e-04  -4.42889734e-03
  -7.12566869e-03  -1.12011377e-02  -7.74082560e-03   2.26476131e-02
  -3.73487362e-03   1.98375874e-02   1.47131339e-02  -1.05831943e-02
  -6.55681891e-03  -6.97194880e-03  -2.09250288e-02  -1.84619668e-02
  -3.88921325e-02  -1.23983133e-02  -2.32172815e-02  -2.35473597e-02
  -1.02319671e-02  -7.05867767e-03  -6.34007113e-03  -3.40676456e-02
   2.35575814e-02  -1.65290015e-02  -3.14828453e-03  -5.34850666e-03
  -3.40941284e-03  -7.68541819e-03  -5.01226599e-02  -9.51963479e-03
  -2.56404252e-02  -2.64583434e-02  -3.83862936e-02  -4.97101603e-03
  -2.48101196e-02  -5.84345928e-03  -6.18666880e-03  -3.77847219e-02
  -3.36970975e-02  -2.29396415e-02  -3.21697534e-02  -1.62286733e-02
  -9.33651241e-03  -1.28750472e-02  -9.97429767e-03  -1.24050481e-02
  -1.47454984e-02  -8.50495151e-03  -2.27569368e-02   5.42509282e-03
  -2.09688574e-02  -2.46805578e-02  -9.59806796e-03  -2.76845281e-02
  -1.45737457e-02  -4.08500166e-02   5.30502762e-03   1.66120436e-02
  -9.54521182e-03  -1.04602034e-02   1.38482349e-02  -1.05328319e-02
  -3.06150421e-02   2.57510179e-03  -1.78134930e-02  -2.14240146e-02
   2.33840868e-02  -1.88202532e-02   1.07936658e-02  -1.35432145e-02
  -1.44657845e-02  -1.59088942e-02  -1.45314549e-02  -8.06113362e-03
   1.59678443e-02  -1.64492011e-02   1.11408093e-02  -8.54362070e-03
  -3.53586692e-02  -2.00672722e-02  -1.73291522e-02  -1.67446879e-02
  -9.76993873e-03  -9.73154608e-03  -4.95425876e-03  -1.66079989e-02
  -1.34155278e-02  -1.35993192e-02  -9.85188004e-03  -1.85152382e-02
  -2.13100428e-02   6.24772558e-03  -1.48820800e-02  -2.09421931e-02
  -1.08286748e-02  -9.72115210e-03   3.07961388e-02  -1.61152997e-02
  -1.93202937e-02   5.30026429e-04  -2.29073347e-02  -1.09863950e-02
  -1.69190569e-02  -3.08837075e-02   1.35474733e-03  -3.38168826e-02
  -8.73869389e-03  -2.30372070e-04  -2.25883191e-02  -7.43629971e-03
  -1.50695711e-02  -2.09452293e-02  -9.51757921e-03  -1.42432751e-02
  -1.62834552e-02  -1.59555795e-02   3.87550694e-03  -7.10841335e-03
   1.29693269e-02  -3.37700198e-03  -1.24108925e-02  -9.35224372e-03
  -9.05733593e-03  -3.91778605e-03  -3.36039723e-02   2.30726483e-02
   1.59450808e-02   1.97001172e-02  -1.90823479e-02   1.58188388e-02
  -1.31122536e-02  -1.11409931e-02   2.30208330e-02  -1.03689098e-04
  -1.30711323e-02  -4.14889207e-02   1.94289078e-02  -6.63102106e-03
  -8.66314938e-03  -2.43274093e-02  -3.97913937e-03  -2.58969156e-02
  -1.16062371e-02   7.13244899e-03  -3.16662953e-02  -1.22845909e-02
  -2.04766870e-02  -1.11191368e-02  -1.94649700e-02  -1.55975176e-02
   1.01475807e-02  -2.54239101e-02   9.19562356e-03  -5.97874783e-03
  -1.45590979e-02  -5.01397052e-02  -9.83411111e-03  -1.36287464e-02
  -5.01129240e-02   2.53829294e-02  -5.77882190e-03  -1.31462155e-02
   6.50477835e-04  -4.41741261e-03  -6.97166843e-03  -1.30971067e-02
   3.13473355e-02  -1.74008150e-02  -1.19124833e-02  -2.59577014e-02
  -3.86186537e-02  -2.61013504e-02  -1.96564029e-02   1.72412841e-02
  -9.43240896e-03  -1.57054818e-02  -1.68199503e-02   3.71156005e-02
  -1.59843453e-02  -2.04437942e-02  -2.43054774e-02  -3.91779063e-03
  -1.03650698e-02   1.03862112e-02  -8.01143125e-03  -2.00912305e-02
  -2.08966839e-02  -2.69395857e-02  -6.59447757e-03  -2.18410350e-02
   5.81483621e-03  -5.03493317e-03   5.00063557e-03  -1.15520496e-02
  -9.30722763e-03  -1.53541330e-02  -6.09885189e-03  -1.51766005e-02
  -1.08646960e-02  -1.94112655e-02  -2.16614083e-02  -1.29607210e-02
  -1.09201170e-02  -1.82010827e-02  -1.15492621e-02  -4.05700670e-02
  -1.75287490e-02  -2.91485057e-02  -1.86535798e-02   1.94115950e-02
  -7.87407507e-03  -2.45692299e-02  -1.15558765e-02  -1.09665410e-02
  -1.59378518e-02  -1.65990824e-02  -9.71619821e-03  -9.00401157e-03
  -1.12543260e-02  -2.07556775e-02   2.36523325e-02  -7.08513172e-03
   9.80454487e-03   1.63321086e-02   1.46116648e-03  -4.57713672e-03
  -1.33277781e-02  -1.19452424e-02  -4.03124787e-02  -1.81619429e-02
  -1.30088826e-02  -7.93699065e-03  -1.89942427e-02  -5.77041476e-03
  -7.74444092e-03   1.86237310e-02  -3.60897342e-02  -7.28616920e-03
   1.26285985e-02  -2.57844802e-02  -2.74673747e-02  -2.25026226e-02
  -9.31393079e-03   6.34970203e-03  -8.73638529e-03  -3.20687324e-02
   2.68947343e-02  -3.50368026e-02  -1.52823815e-02  -1.72061160e-02
  -6.17551021e-03   7.64751137e-03  -1.48259652e-02   2.04265987e-03
  -1.01482237e-02  -2.01523552e-02   2.85078481e-02  -2.02451308e-02
   8.15909450e-03  -2.71401189e-04  -1.41495423e-02  -1.24201329e-02
  -1.15756312e-02   1.64570976e-02  -2.01812737e-03  -2.28398201e-02
  -7.74320560e-03  -1.77422010e-02  -1.81027679e-03  -3.57513718e-02
   3.92738003e-03  -1.59076551e-02  -1.06488427e-02  -1.02294977e-02
   4.09492433e-03   7.49994624e-03   5.77633903e-03  -8.25117986e-03
  -7.56504480e-03  -1.05500412e-02   1.80836629e-02  -1.87536288e-02
   5.01382972e-03  -2.21980355e-02  -7.59272389e-03  -1.02999733e-02
  -1.83849395e-02   8.66280043e-03  -3.31036854e-02  -2.34450770e-02
  -4.31538967e-03   1.13975909e-02  -1.24592844e-02   1.00957777e-03
  -8.08625377e-03  -3.03683508e-02   2.38908789e-02  -1.17185902e-02
  -1.44427739e-02   1.41167116e-02  -1.29503753e-02  -4.30363759e-03
  -3.32626063e-02  -8.67508970e-03  -9.15373475e-03  -1.65212635e-02
  -1.69303845e-02  -9.80954259e-03   9.65247084e-03  -2.01303890e-02
  -1.89811253e-02  -1.15728418e-02  -7.24697550e-03   1.55555917e-02
  -4.70524157e-03   1.13641058e-02   1.59687805e-02  -2.22819711e-02
  -7.00039382e-03  -6.13682109e-03   1.98293371e-02  -1.98263917e-02
   7.11501553e-04  -1.19595475e-02  -1.15751859e-02  -3.50118048e-02
  -1.38697184e-02  -8.71491910e-03  -2.91859616e-02  -1.14897937e-02
   1.37281164e-02  -1.98521691e-02  -2.83374230e-02  -1.79118789e-02
  -1.09941031e-02   2.75880462e-03  -5.79639333e-03   2.14024002e-02
  -1.21551889e-02  -7.51514972e-03  -9.93904486e-03  -1.32637771e-02
   4.01952571e-02  -1.04339058e-02  -1.36278055e-02  -1.67809492e-02
  -1.55293970e-02   1.83289689e-02  -3.00424671e-02  -8.09264361e-03
  -3.27353984e-03   2.18162952e-03  -6.72617509e-03  -1.40940310e-02
  -7.15492995e-03  -2.90388714e-06  -1.13309344e-02  -1.40281377e-02
   9.46837356e-04   2.72219834e-02  -1.20949484e-02  -1.34860053e-02
  -3.30673471e-03  -2.70528288e-02  -1.42854303e-02  -2.01454781e-03
  -3.25597899e-02  -1.28972071e-02   7.12240165e-03  -1.50961556e-02
   4.73310230e-03  -2.12891645e-02  -1.60567429e-02   1.59189714e-02
   2.68629875e-04  -1.79733731e-02  -1.35835778e-02  -1.50282891e-02
  -2.48930367e-03  -4.13227397e-03  -1.13312444e-02  -1.03854153e-02
  -9.42450752e-03  -1.55647394e-02  -5.82670506e-03   2.62613318e-02
   1.76675281e-02   1.32065434e-03  -3.13536707e-02   3.52636906e-03
  -1.31866851e-02  -3.17982986e-02   3.96456892e-03  -1.36130869e-02
   4.26293206e-02  -1.62468194e-02  -2.26956631e-03  -1.10934676e-02]
b3=[-0.00409879  0.01870816  0.00047704  0.00318078  0.00262453 -0.00534357
 -0.01189427  0.00418036 -0.01218785 -0.0023701 ]
b1=[-0.12529277 -0.22829478 -0.08392201 -0.03506665 -0.19648727 -0.00346089
 -0.16889368]
