W1=[[[[ 0.02666666  0.06491368  0.00962365 -0.07381319 -0.08137611]
   [ 0.02834093  0.08926891  0.0174065  -0.08333912 -0.09313816]
   [ 0.0301385   0.11417735  0.01638902 -0.08496868 -0.08610979]
   [ 0.01657495  0.10339888  0.02496782 -0.05126486 -0.04158488]
   [-0.00542161  0.07615615  0.04748739  0.00141603 -0.02084719]]]


 [[[ 0.0230279  -0.01382003 -0.03184537 -0.03254772 -0.01843785]
   [-0.03323512 -0.06571396 -0.04806525 -0.02157252  0.0243565 ]
   [-0.04880885 -0.03919171  0.00722172  0.05175206  0.05227237]
   [ 0.01244809  0.05535938  0.08196467  0.07839622  0.01018122]
   [ 0.03579035  0.03721867  0.00148651 -0.02087264 -0.05044727]]]


 [[[-0.01137741 -0.03986134 -0.04538856 -0.04987979 -0.0679554 ]
   [ 0.00563853 -0.02917467 -0.07131737 -0.06024535 -0.04724406]
   [ 0.03801484  0.04898953  0.05350052  0.04214149  0.0344591 ]
   [ 0.03331227  0.0729823   0.09690069  0.06927648  0.05107164]
   [-0.03660705 -0.02614716 -0.01771909 -0.00403549 -0.00874702]]]


 [[[-0.0084122  -0.02417896 -0.01803011 -0.02624425 -0.01458949]
   [-0.00910647  0.00761299  0.02320399  0.03984508  0.02199815]
   [ 0.05397189  0.0683534   0.08594856  0.10049312  0.0488134 ]
   [ 0.01940114  0.00225128 -0.01419576  0.00119122  0.02140467]
   [-0.07117622 -0.10777955 -0.11875091 -0.06802425 -0.02429966]]]


 [[[-0.00410872 -0.01506275 -0.02997403 -0.06580865 -0.07863919]
   [ 0.00774197  0.03785482  0.0236804  -0.05112047 -0.09855492]
   [ 0.01347349  0.08669972  0.11280013  0.02928346 -0.06152448]
   [-0.05030882  0.02619149  0.09537515  0.0779241   0.01911622]
   [-0.1079847  -0.08036538 -0.00835034  0.03290349  0.02185313]]]


 [[[-0.05044434 -0.05549836 -0.0432547   0.02362223  0.08446014]
   [-0.05419594 -0.0762469  -0.06176133  0.04841248  0.09299927]
   [-0.06462063 -0.07705355 -0.05890609  0.06590451  0.09711719]
   [-0.06728834 -0.0603853  -0.02392462  0.05895135  0.06906049]
   [-0.05324251 -0.03828605 -0.00319671  0.06083185  0.05029389]]]]
b4=[-0.0175642   0.01827482 -0.00272815  0.00633466  0.0049608  -0.00100956
 -0.0043272  -0.0078176  -0.00732741  0.00195669]
W4=[[ -8.49937797e-02   1.61188971e-02  -4.15110514e-02  -4.65003066e-02
    7.31925443e-02  -6.92166537e-02  -9.30302218e-02   1.29936319e-02
   -4.84476313e-02   3.47203799e-02]
 [ -7.73772746e-02  -1.49664842e-02   6.61619613e-03  -9.48306406e-05
    1.60627868e-02  -5.88561408e-02  -9.67696682e-02   5.84344529e-02
   -1.47976214e-02   3.37267518e-02]
 [ -2.09456403e-02   2.80307811e-02  -4.26719338e-02  -3.88847664e-02
   -2.20682211e-02  -2.99051423e-02  -3.82050537e-02   8.43322463e-03
   -2.92267539e-02   2.14720592e-02]
 [ -2.84116790e-02  -1.22012541e-01  -9.20048635e-03  -6.64132938e-04
   -3.15620843e-03   2.69112978e-02   8.36865325e-03  -2.11619325e-02
    5.38434554e-03   9.90120415e-03]
 [  6.92409515e-07   2.19690592e-05   9.25936620e-05   3.80679376e-06
    1.87147634e-05   2.89164564e-06   4.05964893e-05   4.46906233e-05
    3.02751232e-05   5.44935756e-05]
 [ -3.90330963e-02   5.03716804e-02   4.30618562e-02   2.67369929e-03
   -1.93085372e-02  -5.90768345e-02  -4.21705879e-02  -5.37532941e-03
   -3.68065364e-03  -3.71741839e-02]
 [ -1.94899272e-02  -7.41007179e-02  -2.69281920e-02  -4.06323671e-02
    5.28250225e-02  -2.10984237e-02   5.68643771e-02  -6.36805519e-02
   -3.36491056e-02  -6.52635295e-04]
 [ -3.39845531e-02  -2.89846794e-03  -1.93617726e-03   2.27184668e-02
   -5.70667908e-02   3.01362239e-02  -1.65446084e-02  -6.46167472e-02
   -1.15521848e-02  -5.58372645e-04]
 [ -6.41433895e-02   1.74171210e-03   4.23509208e-03  -2.30562349e-04
    7.60045834e-03  -7.65329450e-02  -6.42613918e-02   4.78402860e-02
   -1.66640803e-02   3.05397529e-02]
 [  3.70546095e-02  -2.36750152e-02   8.74663965e-05   4.62437375e-03
   -5.12892231e-02   1.93207245e-02  -6.87343813e-03  -1.45723885e-02
   -6.98083490e-02  -7.09693832e-03]
 [  6.32239389e-05  -7.37327573e-05  -2.95811751e-05   2.16430526e-05
    1.84654928e-05   1.02311860e-04   1.17122272e-05   9.01161475e-05
   -9.47886292e-05  -3.64486732e-05]
 [ -1.53977247e-02  -3.69274691e-02  -8.00967589e-03  -2.82375794e-02
    4.00710888e-02  -4.00511809e-02  -2.16257982e-02  -6.82518110e-02
   -5.76897785e-02   3.70733961e-02]
 [  3.76004577e-02  -8.18002075e-02   5.09336172e-03  -5.52356127e-04
   -3.99843417e-02   2.52455696e-02   1.79032441e-02  -7.33573213e-02
   -2.45253295e-02  -2.55546998e-02]
 [  4.00611316e-05  -5.39055800e-05  -1.99754122e-05   1.94712466e-05
   -3.51291128e-05   3.47741261e-05  -3.19648934e-05   3.74195201e-06
    8.98200051e-06  -4.04766797e-05]
 [ -3.43399346e-02  -2.05548983e-02  -3.71917300e-02  -4.21611480e-02
    2.68569794e-02  -1.03235021e-02   6.10397803e-03  -2.63093505e-02
    8.98654163e-02  -1.87866681e-03]
 [  5.50103746e-02  -5.10747246e-02  -7.83180539e-03  -3.54549624e-02
   -2.50592381e-02  -8.15141797e-02  -1.00724967e-02  -3.60653251e-02
   -2.37564300e-03   2.14605443e-02]
 [  1.87899452e-03  -1.85592026e-02  -3.46812718e-02  -2.92272698e-02
    6.82750950e-03   2.92783766e-03   4.99810167e-02   1.24843298e-02
   -3.92956026e-02  -8.28033462e-02]
 [ -1.86419804e-02   5.21007888e-02  -9.13254265e-03  -2.72860620e-02
    4.13637795e-02   2.49058445e-04  -2.37470269e-02  -6.38732761e-02
   -7.42084011e-02   1.76849607e-02]
 [  1.82709303e-02  -4.91639748e-02  -5.49408316e-04  -3.99390310e-02
   -1.29784346e-02   2.03177966e-02   2.87096109e-02  -2.21706461e-02
   -1.20430347e-02  -5.22895679e-02]
 [ -2.64141783e-02   2.23135762e-02   1.14230942e-02   2.34786514e-02
   -1.62560474e-02  -5.87973855e-02  -4.18728776e-02   7.22084151e-05
   -1.21648493e-03  -3.71973552e-02]
 [  5.90414330e-02  -6.22638874e-02  -1.22732169e-03   1.35856029e-02
   -5.01865074e-02   2.36663800e-02  -1.97745045e-03  -4.15900424e-02
   -4.02500592e-02  -4.28225212e-02]
 [  2.45614070e-02   3.30571346e-02   6.02228753e-02  -1.09444670e-01
   -2.61029247e-02  -4.72177938e-02  -5.18715531e-02   8.00013319e-02
   -8.25119242e-02  -9.10069048e-02]
 [  2.35830434e-02  -4.72387932e-02  -6.76873326e-02  -4.65901308e-02
    5.25181834e-03   7.26965535e-03   2.63893548e-02  -5.97521439e-02
    6.87503396e-03   1.09994905e-02]
 [  4.83602099e-03  -1.85888249e-03   2.45102849e-02  -8.11304338e-03
    2.00052727e-02  -5.14217019e-02  -1.01413317e-01  -9.66757070e-03
   -4.93467003e-02   1.60543844e-02]
 [ -2.22998448e-02   1.63435694e-02  -3.89061682e-02   3.21003832e-02
   -1.07720476e-02  -1.26110353e-02  -1.90500375e-02  -5.20603359e-02
   -6.24264292e-02   4.55288403e-02]
 [ -6.54017851e-02   4.61188294e-02   3.83584313e-02   1.28944768e-02
   -7.62993693e-02  -3.22924070e-02   5.11333672e-03   1.72308076e-03
    1.07548218e-02  -1.07986048e-01]
 [ -1.76359341e-03  -2.36092228e-02  -1.22553424e-03  -3.80564705e-02
    2.29968922e-03  -6.04903661e-02  -1.71025172e-02  -2.40067896e-02
    7.94014782e-02   1.22853871e-02]
 [ -2.07284920e-05  -3.62445680e-05  -8.84042038e-06  -4.30343061e-05
    8.80258449e-05   4.57537794e-07  -5.48803400e-05   4.38489951e-05
    6.35605466e-05   1.37459370e-04]
 [ -6.18658451e-05  -1.39369176e-05   5.29884965e-05  -1.24913669e-04
    8.82852837e-05   1.69634717e-04  -1.10670862e-05  -2.21809187e-05
   -4.81422649e-06  -2.65304311e-06]
 [ -5.24440147e-02  -3.98601182e-02  -3.00600063e-02  -4.40315120e-02
    1.20641636e-02   1.89842489e-02  -9.98091996e-02   4.85758334e-02
    1.23618534e-02   7.15092421e-02]
 [  5.23343449e-03  -2.09251381e-02   2.26248279e-02  -9.44291055e-03
   -1.93363801e-02  -3.58088799e-02  -1.26390485e-02   4.20783035e-04
    5.90788461e-02  -7.68644959e-02]
 [ -3.81950140e-02  -6.09287918e-02   7.73135759e-03  -5.00756167e-02
    4.45158146e-02  -4.21234183e-02  -8.76490176e-02  -8.25164653e-03
    9.66402795e-03   8.52935538e-02]
 [ -1.06622782e-02  -3.01277079e-02   9.48839262e-03  -2.20430363e-02
    3.29622999e-02  -2.79954895e-02  -1.18181281e-01   8.54051951e-03
    1.51242604e-02   5.04621826e-02]
 [  4.82600853e-02  -5.67933768e-02   8.76856595e-03  -2.66137924e-02
   -2.97595561e-02  -2.87994482e-02   3.96127580e-03  -4.70106825e-02
   -5.42737776e-03  -1.48878759e-02]
 [ -2.47482285e-02  -2.21657064e-02   5.86000085e-02   1.01058241e-02
    5.98814944e-03  -3.39901932e-02  -6.55652136e-02   1.68568902e-02
   -4.71042097e-02  -3.28919739e-02]
 [ -9.15799662e-03  -3.62941599e-03   1.10882232e-02  -3.06718610e-02
    5.96303158e-02  -2.77553182e-02  -7.09377751e-02  -3.53093520e-02
   -2.03768462e-02  -3.71679571e-03]
 [ -7.87293091e-02  -1.21226013e-02  -7.11113364e-02   7.72175193e-03
    1.20297540e-02   5.93088008e-03  -7.96713531e-02   2.50443183e-02
    1.47895059e-02   5.03228717e-02]
 [  2.07746923e-02  -1.67042315e-01  -1.24833453e-02   5.73150702e-02
   -7.04525858e-02   2.92449649e-02  -3.55894975e-02  -5.29225124e-03
   -5.54221170e-03   8.59924406e-03]
 [  3.17451730e-02  -5.63890114e-02  -8.76652892e-04  -2.69849002e-02
   -3.63110974e-02   2.14239303e-02   2.22869031e-02  -6.89472258e-02
   -6.11144677e-03  -4.35809121e-02]
 [  1.01503022e-02  -1.80541892e-02   1.55907939e-03  -4.75765504e-02
    3.96075519e-03  -5.60888499e-02  -3.47734354e-02  -4.18751165e-02
    6.73413724e-02   8.83427728e-03]
 [  7.07378983e-03  -5.45968972e-02  -3.58543545e-03  -3.04327533e-02
    9.21539031e-04   6.33963663e-03   3.64232548e-02  -8.69513080e-02
    1.39127513e-02  -4.10017818e-02]
 [ -6.49923608e-02   2.89529506e-02  -2.25309543e-02   2.07782518e-02
   -5.35995662e-02  -7.21215904e-02  -4.31125164e-02   7.44484663e-02
   -9.22842300e-05   7.85307307e-03]
 [ -2.87905373e-02  -4.77722809e-02  -2.38052793e-02  -3.77128161e-02
    2.86241136e-02  -1.10802408e-02   6.22467287e-02  -4.56057303e-02
   -2.46567857e-02  -5.07325269e-02]
 [ -2.51079258e-02  -2.75359657e-02  -8.55291635e-03   3.06900293e-02
   -1.70456991e-02  -3.09356786e-02  -7.57417502e-03  -7.68009871e-02
   -2.62539592e-02   4.66644093e-02]
 [ -7.01846555e-02  -2.00061761e-02  -6.85919449e-02  -7.24296197e-02
    1.01155257e-02   2.99276318e-02  -2.87358668e-02  -6.49946788e-03
    7.32582510e-02   1.83278788e-02]
 [ -2.98905037e-02   1.17947757e-02  -7.84667730e-02  -7.80135170e-02
    4.60676895e-03   1.44730918e-02   2.56839730e-02  -4.56754789e-02
    4.04277593e-02  -6.52802223e-03]
 [ -1.86736052e-05   2.61616096e-05  -3.68302790e-05   3.42428248e-05
   -7.07171857e-05   4.95552231e-05   2.79271649e-06   2.69718184e-05
   -5.78066874e-06  -4.48544924e-05]
 [  1.83768123e-02  -3.63779254e-02  -2.84749512e-02  -3.62315252e-02
    1.23046171e-02  -2.27161571e-02   5.91143481e-02   6.14385074e-03
   -4.08325866e-02  -7.01915473e-02]
 [ -2.90544871e-02   3.10572516e-02  -2.61281282e-02  -3.55510339e-02
   -5.22149131e-02  -4.69296277e-02  -3.90332602e-02   5.70096672e-02
   -3.78509350e-02   1.25799123e-02]
 [ -3.98704410e-02  -1.12436228e-02  -5.36357798e-03   5.78249320e-02
   -1.17674626e-01   2.46387292e-02  -1.90411974e-03  -1.06345683e-01
    1.62865222e-02  -2.30916478e-02]
 [ -6.89966679e-02   3.19877155e-02   2.03063190e-02   2.12929081e-02
   -2.49140002e-02  -5.27599938e-02  -2.35748105e-02  -6.07350143e-03
    5.29171294e-03  -4.00496796e-02]
 [ -1.13843344e-02  -3.12340278e-02  -4.43748422e-02   3.58967558e-02
   -3.77890319e-02   3.77193317e-02  -1.18094385e-02  -6.67569637e-02
   -3.69543284e-02   8.55049677e-03]
 [ -7.25839734e-02   1.42173311e-02  -4.34441604e-02   3.29050757e-02
   -5.30305766e-02  -6.80527613e-02  -1.43882297e-02   7.17779100e-02
   -1.39257209e-02   3.72060835e-02]
 [  2.45074350e-02  -2.82092560e-02   3.63321342e-02  -4.53897379e-02
   -1.15971817e-02  -3.40882167e-02   4.01028525e-03  -2.44684145e-02
   -5.44494577e-02  -1.51092373e-02]
 [  2.46529840e-03  -3.43466513e-02   5.06066345e-03  -2.46927161e-02
   -1.44838300e-02   3.31911538e-03   3.14926468e-02  -2.18402334e-02
    1.07525690e-02  -6.98447898e-02]
 [ -3.65252048e-02  -6.38532490e-02   9.06484500e-02  -5.34160472e-02
   -5.87202888e-03  -1.62443221e-02  -1.25463391e-02   1.20908488e-02
   -3.41243222e-02  -5.50685115e-02]
 [ -1.90459434e-02   6.91660866e-02  -4.17829379e-02   1.92313362e-02
   -4.47731290e-04  -9.62001383e-02  -3.40725644e-04   1.25395525e-02
    1.87182054e-03  -1.98693741e-02]
 [  5.20844012e-03  -6.48581535e-02  -3.55087109e-02  -5.93953617e-02
    9.49044188e-04   1.88357364e-02   5.60072586e-02  -3.55844870e-02
   -6.73876191e-03  -4.79857735e-02]
 [  5.85174076e-02  -3.70666645e-02  -2.46595349e-02  -7.10723773e-02
   -1.41074276e-02   2.29330244e-03   1.82214919e-02   4.13797516e-03
   -2.93535572e-02  -1.92261375e-02]
 [ -5.68245761e-02   3.23042236e-02  -6.30883723e-02   2.14845780e-02
    8.29764921e-03   3.12888622e-02  -1.61679201e-02  -3.76689322e-02
   -8.61394927e-02   1.04280580e-02]
 [ -9.25691873e-02   3.89200971e-02   2.68058460e-02   3.84378508e-02
   -5.12950867e-02  -3.01619861e-02  -7.06476569e-02  -4.51321620e-03
    1.53957959e-02  -4.08746675e-02]
 [ -5.32115586e-02  -8.92929360e-03  -2.90665347e-02   4.58485968e-02
   -7.69427344e-02  -2.91340910e-02  -6.74807578e-02   3.47611867e-02
    1.74555220e-02   2.37667244e-02]
 [ -4.01422381e-02  -4.96276990e-02   3.53930108e-02  -2.00526956e-02
   -9.87961609e-03  -2.10809745e-02   1.09443208e-02   2.14479920e-02
   -3.64568196e-02  -6.10487163e-02]
 [ -1.25434904e-04  -7.25229838e-05  -5.60141052e-06   5.10914579e-05
    3.36896810e-05  -3.72711438e-05  -4.72922402e-05   9.01437816e-05
   -6.05604691e-05  -1.63951408e-04]
 [ -4.30189371e-02   9.81562585e-03   3.33213713e-03   5.32328784e-02
   -1.14347212e-01   1.50629720e-02  -3.80317098e-04  -7.31913522e-02
    2.88794748e-02  -4.02822345e-02]
 [ -5.78030460e-02   6.45245193e-03  -3.34716104e-02  -4.69299965e-02
    2.01843716e-02   1.27184242e-01  -6.38359273e-03   2.90769357e-02
   -9.31972414e-02  -3.66484672e-02]
 [  5.97961172e-02  -1.29176527e-01  -2.81148609e-02   8.46211612e-03
   -5.57818264e-02   2.00027227e-02  -8.69701803e-03  -2.16558762e-02
   -2.49092840e-03   1.48531115e-02]
 [ -3.56430747e-02  -1.93728525e-02  -9.43276435e-02   1.10009909e-02
   -2.21812520e-02   5.83664961e-02  -3.65845226e-02  -3.63309048e-02
   -1.72984088e-04   4.27223518e-02]
 [ -6.48468956e-02   3.24127786e-02   2.23851949e-02   4.88959178e-02
   -6.17199242e-02  -3.47426385e-02  -5.50500676e-02  -1.86775113e-03
    1.42150437e-02  -6.45215586e-02]
 [ -5.87565862e-02  -1.05388602e-02  -2.03242134e-02   4.42347676e-02
   -7.97125101e-02   2.25338712e-02   1.22628408e-03  -7.96694756e-02
    3.14837359e-02  -2.08675466e-03]
 [ -4.73076254e-02  -1.40431449e-02  -1.50699448e-02  -3.02426014e-02
    7.99223632e-02  -3.95585969e-02  -7.52160884e-03  -4.85315472e-02
   -4.09244038e-02  -6.89111184e-03]
 [ -2.60822359e-04   3.78119349e-02  -1.01308033e-01  -3.64736132e-02
   -2.57105120e-02  -2.86845658e-02   6.07301071e-02  -4.10248302e-02
   -4.83773695e-03  -5.10604074e-03]
 [ -5.97378332e-03  -3.83439884e-02   5.78262471e-03  -5.26482202e-02
   -4.68177116e-03   6.07886259e-03   3.82602550e-02  -5.93746305e-02
    1.31803593e-02  -6.47254810e-02]
 [ -2.19404139e-02  -3.36733386e-02   1.71583779e-02  -2.28319447e-02
   -2.01635272e-03  -8.62962380e-03   4.86297533e-02  -4.76180390e-03
   -1.77204367e-02  -6.87765777e-02]
 [ -4.47468162e-02   7.08644092e-03   2.56480519e-02  -6.02825359e-02
    3.29783596e-02  -2.85317078e-02   4.36951630e-02  -9.52833425e-03
    5.27962158e-03  -9.62787569e-02]
 [ -2.39721574e-02   2.34518666e-02  -1.72665305e-02  -4.36543897e-02
    3.88776548e-02  -3.11138537e-02  -1.21424971e-02  -4.93539646e-02
   -4.43668328e-02   6.92520291e-04]
 [  5.70734367e-02  -2.32884213e-02  -2.47327518e-02  -4.93615717e-02
   -3.95585559e-02  -2.26829518e-02  -1.44540556e-02   6.93613896e-03
   -1.00732297e-02   3.14978533e-03]
 [  1.97321679e-02  -1.64355710e-02  -5.26178703e-02   2.67830081e-02
   -5.90309687e-02   4.24549170e-02  -7.44567439e-02   3.17509170e-03
   -5.45063168e-02   3.76749109e-03]
 [  8.78740229e-06   2.69448046e-05  -4.77325339e-05  -1.26000159e-05
    8.03902003e-06  -6.67181394e-06  -2.66908028e-05  -9.20643652e-06
    2.89154286e-05   6.51685405e-05]
 [ -2.64668204e-02   5.75585999e-02  -9.86683145e-02  -4.52080369e-02
    1.84805542e-02  -1.17489239e-02  -4.04510502e-04   2.60383096e-02
   -1.65207740e-02  -1.55598139e-02]
 [ -3.42097320e-02   9.31964666e-02   2.90246401e-02  -8.86512920e-02
   -9.42236278e-03   9.27788857e-03  -1.32771872e-03  -4.11307029e-02
   -4.72756177e-02  -3.49818356e-02]
 [ -6.42975196e-02   1.31544832e-04  -5.87834530e-02   2.99699344e-02
   -2.04152372e-02  -5.80138341e-02  -4.21168171e-02   3.11651397e-02
    8.56976584e-03   4.73571569e-02]
 [ -4.89016399e-02  -4.73318696e-02  -6.37136921e-02  -7.06441775e-02
    3.15926485e-02   7.50211328e-02  -4.88028005e-02  -2.40596998e-02
    1.30730972e-03   3.30020227e-02]
 [ -5.21914698e-02  -4.84722368e-02  -2.14449372e-02  -3.59868109e-02
    7.66341239e-02  -2.71657277e-02   2.07065921e-02  -6.42847419e-02
   -2.82031093e-02   7.74648832e-03]]
W3=[[  1.07705800e-05  -6.39058708e-05   6.92627145e-05 ...,  -5.89278716e-05
   -5.31485639e-05   3.13004675e-05]
 [  2.13618260e-02   2.98903277e-03  -3.56132314e-02 ...,  -4.59955037e-02
   -2.21491046e-03   3.19409035e-02]
 [ -2.16700211e-02  -2.66963057e-02   4.74047894e-03 ...,  -2.53913924e-02
    2.19010487e-02  -2.00481471e-02]
 ..., 
 [  4.02642749e-02   5.52604953e-03  -3.48700397e-02 ...,  -4.01643813e-02
   -8.90644174e-03   5.43179363e-02]
 [ -4.30015810e-02  -3.09490226e-02  -7.33180763e-03 ...,  -1.71968676e-02
    1.64583083e-02  -6.67346967e-03]
 [  1.08792665e-05   2.79757605e-05   2.70092914e-05 ...,  -4.32300003e-05
   -2.63195088e-05   2.81153043e-05]]
b1=[-0.06772716 -0.03309373 -0.00621343 -0.01242797 -0.039803   -0.05596681]
b2=[ -6.37037083e-05  -2.89291097e-03   1.90377585e-03   2.61717243e-03
  -4.82840091e-03  -9.46832224e-05   7.08840787e-03  -1.63508390e-04
  -6.95187045e-05  -4.25986909e-05  -1.76313182e-03  -3.22488486e-03
   2.01048027e-03  -9.09889583e-04  -2.72419606e-03  -3.51179671e-03
  -8.26844946e-03  -5.89569565e-03  -1.43063464e-03   1.97947025e-03
  -1.12832582e-03  -1.42140752e-05   1.04880799e-02  -5.37783235e-05
  -5.10346889e-03   4.06155689e-03   2.64892285e-03  -5.64156473e-03
  -5.97406121e-04  -1.00032958e-05   2.79131997e-03  -4.08008200e-05
  -3.82678071e-03   1.73950370e-03   2.55387067e-03   3.34843737e-03
  -3.41497967e-03   1.69439358e-03   1.56092481e-03  -6.16298057e-03
  -4.10136301e-03  -4.40872600e-03  -8.55919614e-04  -3.67787946e-03
  -1.13748631e-03  -2.39030784e-03  -5.09537524e-03  -2.88353907e-03
  -7.35015795e-03  -4.76748741e-04   1.96046429e-03  -4.64757381e-04
  -1.85788877e-03   4.30725561e-03   1.38813339e-03  -1.44254090e-03
  -6.96524467e-06   1.99620100e-03  -3.49432393e-03   6.45253633e-04
   3.76794068e-03  -1.35324709e-03  -7.39765121e-03  -6.38014078e-03
  -1.79932662e-03  -8.65864713e-05   1.63576764e-03  -5.83760114e-03
  -3.12710903e-03   4.04327922e-03  -7.63110656e-05  -2.67425668e-04
  -4.29339474e-03  -6.42341375e-03  -7.31655816e-03  -2.59709987e-03
  -1.86274352e-04  -1.71008916e-03  -4.60538594e-03  -3.16165271e-03
  -5.83146140e-03  -5.87117393e-03  -1.62837932e-05  -2.33068451e-04
   9.78214899e-04   1.52471592e-03  -3.14763194e-04  -2.58337590e-03
  -1.88485101e-05  -1.09959417e-03  -4.15470073e-04   7.20458105e-03
   6.10855990e-04  -6.42714556e-03   7.76017318e-03   1.16740901e-03
  -4.77370304e-05  -5.89689007e-03  -1.31623051e-06  -6.86566811e-04
  -4.50477892e-05  -1.39401143e-03  -1.48714520e-03   8.93986260e-04
  -4.76613548e-03   3.92268004e-04  -3.42898056e-05  -1.44037604e-03
  -8.97393784e-06   1.52382476e-03  -2.62948964e-03  -2.25744373e-03
  -7.98105437e-04   4.26635845e-04   1.54037646e-03   3.28493887e-03
  -6.50392938e-03  -4.02003294e-03  -2.76404852e-03  -4.49864683e-06]
b3=[  2.24144645e-02   1.98811647e-02  -4.35873494e-03   7.96193630e-03
  -1.57290910e-04   1.41567541e-02   5.30324085e-03   1.49836075e-02
   1.51849976e-02  -1.02234434e-03  -7.37384195e-04   3.80141684e-03
   1.76339265e-04  -2.14700805e-04   9.18671489e-03  -1.86347647e-03
  -1.13682298e-03   9.31079499e-03  -1.36457244e-03   1.20894769e-02
  -2.87954975e-03  -4.22609877e-03  -9.17643192e-04   1.29114538e-02
   5.01409220e-03   1.74697991e-02   5.95599273e-03  -3.06308211e-05
   6.76424068e-04   8.02044570e-03   2.84928386e-03   2.17214953e-02
   1.22646578e-02  -5.57560427e-03   5.16927056e-03   5.63540775e-03
   1.80980973e-02   1.39067918e-02  -1.66202744e-03   7.09132897e-03
   4.44717472e-03   1.68409795e-02   5.09253377e-03   7.08325673e-03
   5.63289598e-03   6.52036909e-03  -3.68864101e-04   6.32071344e-04
  -3.18419887e-03   1.91762578e-02   1.72536764e-02   9.58543457e-03
   3.96044599e-03   1.07912812e-04   1.73542195e-03   2.15982972e-03
   2.11718976e-02  -6.81806123e-04  -1.30656464e-02   5.86631848e-03
   2.58615334e-02   8.28799978e-03   3.80665180e-04   9.52552218e-05
   2.13778932e-02   1.53508643e-02   6.20004581e-03   1.14733810e-02
   1.81205273e-02   1.46566685e-02   1.27372798e-03   1.03753051e-02
  -3.10606160e-03   6.75478112e-03   6.26251474e-03   1.82141596e-03
  -1.54690612e-02   3.95694980e-03  -1.06921059e-03   1.34856598e-02
   7.60122156e-03   1.14541464e-02   3.41995736e-03   3.16108763e-03]
W2=[[  9.05952402e-06  -6.37646190e-06  -2.50869516e-06 ...,   6.38816846e-06
   -2.88861702e-06  -1.04001365e-05]
 [ -2.06710884e-05  -7.58505703e-05  -8.57907617e-06 ...,  -8.60720684e-05
    3.32028394e-05   2.27436158e-06]
 [ -2.76016963e-05   1.78460614e-04   7.74136060e-06 ...,   4.33083595e-04
    2.87383096e-04   1.56641581e-05]
 ..., 
 [ -5.55462866e-05   3.09787370e-04   7.47414364e-04 ...,  -8.57999257e-04
   -5.98219140e-06   3.42400999e-05]
 [ -2.31942540e-05  -7.46068763e-05  -1.73312692e-05 ...,  -5.41211630e-05
   -6.98098884e-05   1.82399344e-05]
 [  8.59822558e-06  -2.41219714e-05  -5.62386267e-05 ...,  -4.57270762e-05
    3.02035496e-05  -1.44421001e-05]]
